0.0168374   2      -0.6      599.999      protonInelastic
0.0168374   2      -0.6      599.999      hIoni
0.144312   3      2.42837      516.68      hIoni
0.250044   4      4.84928      446.896      hIoni
0.338118   5      6.78995      388.718      hIoni
0.411932   6      8.35277      338.828      hadElastic
0.432476   7      8.76977      325.421      hIoni
0.491351   8      9.9433      283.407      protonInelastic
0.0168374   2      -0.6      599.999      protonInelastic
0.0168374   2      -0.6      600      hadElastic
0.0768804   3      0.826423      563.02      hIoni
0.194626   4      3.5764      488.401      hadElastic
0.23337   5      4.45093      463.307      hIoni
0.325545   6      6.49886      399.776      hIoni
0.402034   7      8.12866      347.335      hIoni
0.466005   8      9.43439      299.753      hIoni
0.519029   9      10.461      260.641      hIoni
0.563409   10      11.2778      227.538      hIoni
0.60076   11      11.9347      198.793      hIoni
0.632251   12      12.4609      173.442      hIoni
0.658781   13      12.8736      149.74      hIoni
0.680867   14      13.1774      131.209      hIoni
0.699629   15      13.42      114.446      hIoni
0.715507   16      13.6162      100.216      hIoni
0.729043   17      13.7768      87.6973      hIoni
0.740605   18      13.9058      76.4011      hIoni
0.750464   19      14.0107      66.134      hIoni
0.758847   20      14.0936      57.5216      hIoni
0.766049   21      14.1577      49.6489      hIoni
0.772225   22      14.2087      43.0272      hIoni
0.777586   23      14.252      36.8464      hIoni
0.782237   24      14.2876      30.7532      hIoni
0.786242   25      14.316      25.6917      hIoni
0.789756   26      14.3386      20.8492      hIoni
0.792851   27      14.3566      16.0511      hIoni
0.795587   28      14.3707      11.6965      hIoni
0.798056   29      14.3811      7.60006      hIoni
0.800279   30      14.3883      3.10511      hIoni
0.0168374   2      -0.6      600      hIoni
0.144312   3      2.42838      519.465      hIoni
0.250761   4      4.86448      446.812      hIoni
0.338813   5      6.77591      389.087      protonInelastic
