0.0168374   2      -0.6      599.998      hIoni
0.144312   3      2.42836      514.341      hIoni
0.249444   4      4.83215      446.055      hIoni
0.337308   5      6.76495      385.82      hIoni
0.410424   6      8.31157      335.244      hIoni
0.471572   7      9.54859      291.405      hIoni
0.522723   8      10.5333      252.25      hIoni
0.565295   9      11.311      218.552      hIoni
0.600789   10      11.9289      190.83      hIoni
0.630699   11      12.4182      166.045      protonInelastic
0.0168374   2      -0.6      599.999      hIoni
0.144312   3      2.42838      514.172      hadElastic
0.230411   4      4.39715      457.233      hIoni
0.321065   5      6.4092      397.387      hIoni
0.396974   6      8.02806      346.027      hIoni
0.460639   7      9.32771      302.788      hIoni
0.514348   8      10.3798      262.105      hIoni
0.559045   9      11.2116      227.913      hIoni
0.596474   10      11.8736      199.4      hIoni
0.628086   11      12.409      174.18      hIoni
0.654757   12      12.837      153.2      hIoni
0.677479   13      13.1847      134.439      hIoni
0.69681   14      13.4656      117.592      hIoni
0.71322   15      13.6907      101.988      hIoni
0.727042   16      13.8686      89.1698      hIoni
0.738832   17      14.0111      77.3609      hIoni
0.748833   18      14.1251      67.5601      hIoni
0.757416   19      14.2162      59.0084      hIoni
0.764818   20      14.29      51.1453      hIoni
0.771185   21      14.3498      43.7739      hIoni
0.776635   22      14.398      37.0083      hIoni
0.781304   23      14.4362      30.8291      hIoni
0.785317   24      14.4663      25.8949      hIoni
0.78885   25      14.4905      21.5677      hIoni
0.792003   26      14.5102      17.0227      hIoni
0.794806   27      14.526      12.8722      hIoni
0.797342   28      14.5384      8.58703      hIoni
0.799635   29      14.5476      4.39121      hIoni
0.0168374   2      -0.6      600      protonInelastic
0.0168374   2      -0.6      599.999      hadElastic
0.0767517   3      0.823367      562.645      hIoni
0.194399   4      3.57699      485.328      protonInelastic
0.0168374   2      -0.6      600      protonInelastic
