0.0168374   2      -0.6      600      hadElastic
0.0574879   3      0.365723      573.321      hadElastic
0.0717823   4      0.700031      564.096      hIoni
0.189809   5      3.45196      483.647      hIoni
0.287113   6      5.63043      413.292      hIoni
0.366894   7      7.34532      361.303      hIoni
0.434157   8      8.73346      313.561      hIoni
0.490313   9      9.81639      272.626      hIoni
0.537304   10      10.6853      236.875      hIoni
0.576609   11      11.3791      207.768      hIoni
0.609904   12      11.9341      180.527      hIoni
0.637799   13      12.3805      157.596      hIoni
0.661336   14      12.7324      138.189      hadElastic
0.677692   15      12.9667      123.762      hIoni
0.695157   16      13.2011      107.657      hIoni
0.709905   17      13.3901      93.8819      hIoni
0.722431   18      13.5421      81.561      hIoni
0.733059   19      13.6623      70.9875      hIoni
0.74213   20      13.7585      61.6006      hIoni
0.749885   21      13.8348      53.1078      hIoni
0.756505   22      13.8968      45.8663      hIoni
0.762209   23      13.9479      39.1238      hIoni
0.767115   24      13.989      32.9208      hIoni
0.771344   25      14.0217      27.3324      hIoni
0.775012   26      14.0476      22.632      hIoni
0.778254   27      14.0686      18.0406      hIoni
0.781131   28      14.0852      13.3606      hIoni
0.783696   29      14.098      9.14962      hIoni
0.786023   30      14.1076      4.70395      hIoni
0.0168374   2      -0.6      599.998      hIoni
0.144312   3      2.42837      518.307      hIoni
0.250462   4      4.8583      451.042      hIoni
0.339569   5      6.81933      389.201      protonInelastic
0.0168374   3      -0.6      599.998      hIoni
0.144312   4      2.42838      510.579      hIoni
0.248479   5      4.79904      444.017      protonInelastic
0.0168374   2      -0.6      599.999      hIoni
0.144312   3      2.42838      512.665      hadElastic
0.245109   4      4.73091      444.111      hIoni
0.33249   5      6.63627      386.31      hIoni
0.405723   6      8.18651      336.459      hIoni
0.467155   7      9.43248      292.629      hIoni
0.518579   8      10.4279      256.085      hIoni
0.561975   9      11.2185      222.934      hIoni
0.598372   10      11.8552      193.672      hIoni
0.628844   11      12.362      169.286      hIoni
0.654581   12      12.7685      148.14      hIoni
0.676375   13      13.097      128.682      hIoni
0.694694   14      13.3536      111.323      hadElastic
0.698898   15      13.4091      107.473      hIoni
0.713616   16      13.5897      93.1346      hIoni
0.726024   17      13.7312      82.1829      hIoni
0.736745   18      13.8453      71.0533      hIoni
0.745826   19      13.9343      61.3693      hIoni
0.753549   20      14.0072      53.2119      hIoni
0.760183   21      14.0651      45.8616      hIoni
0.765887   22      14.1106      39.3265      hIoni
0.770816   23      14.1513      33.1108      hIoni
0.775064   24      14.1831      27.8706      hIoni
0.778784   25      14.2085      22.8896      hIoni
0.782049   26      14.2279      18.4014      hIoni
0.784952   27      14.2432      14.2206      hIoni
0.78757   28      14.2553      10.2006      hIoni
0.789956   29      14.2625      5.95844      hIoni
0.792001   30      14.267      1.12675      hIoni
0.0168374   2      -0.6      599.999      hadElastic
0.0688463   3      0.635562      569.714      protonInelastic
