0.0168374   2      -0.6      600      protonInelastic
0.0168374   3      -0.6      599.999      hIoni
0.144312   4      2.42837      517.818      hIoni
0.250337   5      4.86021      448.755      hIoni
0.338873   6      6.81268      390.712      hIoni
0.413168   7      8.37008      339.857      hIoni
0.475391   8      9.60526      294.839      hIoni
0.52731   9      10.5921      256.222      hIoni
0.570736   10      11.3727      222.36      hIoni
0.607014   11      11.9889      192.89      hIoni
0.637331   12      12.4793      169.001      hIoni
0.663013   13      12.8801      147.91      hIoni
0.684766   14      13.1988      129.631      hIoni
0.70325   15      13.4565      113.196      hIoni
0.718919   16      13.6669      99.4006      hIoni
0.732324   17      13.8371      87.6406      hIoni
0.743877   18      13.9752      76.0908      hIoni
0.75369   19      14.083      65.8803      hIoni
0.762037   20      14.1659      56.926      hIoni
0.769161   21      14.2312      48.6996      hIoni
0.775217   22      14.2741      42.2103      hIoni
0.780481   23      14.3098      36.0943      hIoni
0.785049   24      14.3353      30.1678      hIoni
0.788995   25      14.3555      25.1598      hIoni
0.79246   26      14.3688      20.3756      hIoni
0.795516   27      14.3779      15.8639      hIoni
0.79824   28      14.3847      11.6349      hIoni
0.800706   29      14.3895      7.3585      hIoni
0.80291   30      14.3929      2.66175      hIoni
0.0168374   2      -0.6      599.999      hIoni
0.144312   3      2.42837      516.938      hIoni
0.250111   4      4.8502      444.991      hIoni
0.33771   5      6.77235      386.894      hIoni
0.411085   6      8.3253      336.094      protonInelastic
0.0168374   2      -0.6      600      protonInelastic
0.0168374   2      -0.6      599.998      hIoni
0.144312   3      2.42837      516.006      hIoni
0.249871   4      4.843      446.714      hIoni
0.337899   5      6.77743      386.806      hIoni
0.411253   6      8.31757      334.301      hIoni
0.472182   7      9.53119      294.198      hIoni
0.523958   8      10.5068      256.83      hIoni
0.567515   9      11.2793      225.045      hIoni
0.604349   10      11.9189      196.105      hIoni
0.635304   11      12.4277      169.738      hIoni
0.661126   12      12.8305      148.421      hIoni
0.682971   13      13.1447      128.893      hIoni
0.701327   14      13.3898      112.997      hIoni
0.716963   15      13.5929      98.9353      hIoni
0.730293   16      13.7529      86.8419      hIoni
0.741723   17      13.8802      76.5599      hIoni
0.751605   18      13.9855      66.6242      hIoni
0.760057   19      14.0676      57.1255      hIoni
0.767207   20      14.1337      49.5206      hIoni
0.773366   21      14.1854      42.0785      hIoni
0.778615   22      14.2252      35.7089      hIoni
0.783141   23      14.2582      30.2077      hIoni
0.787091   24      14.2842      25.0993      hIoni
0.790551   25      14.3055      20.3224      hIoni
0.793603   26      14.3227      15.8487      hIoni
0.796325   27      14.3366      11.5367      hIoni
0.798785   28      14.3468      7.44571      hIoni
0.800996   29      14.3542      2.98393      hIoni
