0.0168374   2      -0.6      599.999      hadElastic
0.0856201   3      1.03405      559.154      hIoni
0.202355   4      3.74831      486.214      hIoni
0.30031   5      5.95243      418.305      hIoni
0.381319   6      7.70178      362.932      hIoni
0.448967   7      9.09663      318.85      hIoni
0.506333   8      10.227      278.419      hIoni
0.554599   9      11.1318      242.41      hIoni
0.595073   10      11.8597      211.56      hIoni
0.629137   11      12.4469      183.038      hIoni
0.65752   12      12.9052      159.385      hIoni
0.68139   13      13.2746      138.799      hIoni
0.701497   14      13.5658      121.526      hIoni
0.718578   15      13.8027      106.801      hIoni
0.733185   16      13.9939      92.6641      hIoni
0.74552   17      14.1463      81.1596      hIoni
0.756087   18      14.2685      69.8738      hIoni
0.764999   19      14.3642      60.4864      hIoni
0.772601   20      14.4404      52.1766      hIoni
0.779101   21      14.5014      44.5814      hIoni
0.784649   22      14.5494      37.3411      hIoni
0.789354   23      14.5869      31.8214      hIoni
0.793468   24      14.6173      26.5601      hIoni
0.797063   25      14.6408      21.7868      hIoni
0.800235   26      14.6596      17.1424      hIoni
0.803047   27      14.6743      12.734      hIoni
0.805575   28      14.6858      8.52257      hIoni
0.807863   29      14.6941      4.20296      hIoni
0.0168374   2      -0.6      599.999      hIoni
0.144312   3      2.42837      515.41      hIoni
0.249718   4      4.83502      445.833      hIoni
0.337527   5      6.72968      387.054      hIoni
0.41094   6      8.26439      336.153      hIoni
0.4723   7      9.50255      294.187      hIoni
0.524074   8      10.4998      253.394      hIoni
0.566891   9      11.2781      220.949      hIoni
0.602878   10      11.9041      193.117      hIoni
0.633241   11      12.4052      167.882      hIoni
0.65871   12      12.8052      146.652      hIoni
0.680233   13      13.1211      127.453      hIoni
0.698338   14      13.3756      112.003      hIoni
0.713807   15      13.5821      97.1886      hIoni
0.726858   16      13.7471      84.4863      hIoni
0.737928   17      13.8786      73.9746      hIoni
0.747432   18      13.9851      64.2926      hIoni
0.755557   19      14.0709      55.9794      hIoni
0.762555   20      14.1401      47.9635      hIoni
0.768518   21      14.1951      41.3588      hIoni
0.773682   22      14.2393      35.0327      hIoni
0.778135   23      14.2747      29.6275      hIoni
0.782027   24      14.3032      24.2632      hIoni
0.785412   25      14.3249      19.4314      hIoni
0.788394   26      14.3402      15.2262      hIoni
0.791075   27      14.3523      10.9347      hIoni
0.793502   28      14.3618      6.76282      hIoni
0.795651   29      14.3682      2.13831      hIoni
0.0168374   2      -0.6      599.999      hIoni
0.144312   3      2.42837      521.129      protonInelastic
0.0168374   2      -0.6      599.999      protonInelastic
0.0168374   2      -0.6      600      hIoni
0.144312   3      2.42838      515.125      protonInelastic
