0.0168376   3      -0.6      599.639      hadElastic
0.0273275   4      -0.350829      593.335      hIoni
0.15304   5      2.62834      518.439      hadElastic
0.184697   6      3.34982      497.806      hIoni
0.285599   7      5.61413      430.252      hadElastic
0.304932   8      6.03202      415.444      hIoni
0.385239   9      7.75264      359.712      protonInelastic
0.0168374   2      -0.6      600      hadElastic
0.116203   3      1.76061      533.83      hIoni
0.226357   4      4.30467      460.733      hIoni
0.317887   5      6.33701      397.136      hIoni
0.393735   6      7.88692      343.672      hIoni
0.456848   7      9.13577      300.168      hIoni
0.509966   8      10.1497      259.552      hIoni
0.55411   9      10.9447      225.52      hIoni
0.591042   10      11.5803      198.001      hIoni
0.622375   11      12.0831      172.881      hIoni
0.648797   12      12.4833      150.541      hIoni
0.671031   13      12.7927      131.608      hIoni
0.689862   14      13.0423      114.692      hIoni
0.705782   15      13.2375      100.242      hIoni
0.719322   16      13.3984      88.1326      hIoni
0.730952   17      13.5317      76.4701      hIoni
0.740821   18      13.6372      66.2917      hIoni
0.749225   19      13.723      56.5532      hIoni
0.756299   20      13.7895      48.8515      hIoni
0.762374   21      13.8432      42.135      hIoni
0.767629   22      13.8857      35.3446      hIoni
0.772116   23      13.9196      29.4973      hIoni
0.775995   24      13.9465      24.267      hIoni
0.77938   25      13.9683      19.4437      hIoni
0.782363   26      13.985      14.8034      hIoni
0.785017   27      13.998      10.5115      hIoni
0.78742   28      14.008      5.99155      hIoni
0.789471   29      14.0142      1.23653      hIoni
0.0168374   2      -0.6      599.999      hIoni
0.144312   3      2.42837      512.201      hadElastic
0.197883   4      3.65042      477.651      hIoni
0.29367   5      5.79546      412.489      hIoni
0.373255   6      7.51063      358.273      hIoni
0.439801   7      8.88344      312.474      hIoni
0.495709   8      9.98999      268.891      hadElastic
0.500462   9      10.0785      265.203      hIoni
0.545832   10      10.9216      229.516      hIoni
0.583596   11      11.582      198.716      protonInelastic
0.0168374   2      -0.6      600      hadElastic
0.117383   3      1.78864      532.385      hIoni
0.227164   4      4.31884      457.727      hIoni
0.31794   5      6.32508      397.424      hIoni
0.393859   6      7.93244      345.098      hIoni
0.457306   7      9.2147      297.668      hIoni
0.509861   8      10.2285      259.629      hIoni
0.554021   9      11.0345      225.935      hadElastic
0.574583   10      11.3886      209.238      hIoni
0.608176   11      11.9669      181.695      hIoni
0.636298   12      12.4245      159.158      hIoni
0.660126   13      12.7895      138.977      hIoni
0.680264   14      13.0811      120.454      hIoni
0.697162   15      13.3094      104.319      hIoni
0.711363   16      13.4897      91.1499      hIoni
0.72346   17      13.6337      79.1227      protonInelastic
0.0168374   2      -0.6      599.999      hadElastic
0.126076   3      1.99515      529.702      hIoni
0.235163   4      4.48027      459.369      hIoni
0.326351   5      6.44552      399.953      hIoni
0.402882   6      7.96397      350.629      hIoni
0.467627   7      9.20853      305.22      hIoni
0.521886   8      10.1999      266.955      hIoni
0.567638   9      11.0086      233.6      hIoni
0.606255   10      11.6669      203.806      hIoni
0.63875   11      12.1975      176.745      hIoni
0.665914   12      12.6194      154.421      hIoni
0.688862   13      12.953      135.759      hIoni
0.708427   14      13.2159      119.281      hIoni
0.725124   15      13.4353      103.867      hIoni
0.739252   16      13.5997      91.2879      hIoni
0.751371   17      13.7309      79.8279      hIoni
0.761738   18      13.836      69.7558      hIoni
0.770633   19      13.9221      60.406      hIoni
0.778225   20      13.9932      52.3685      hadElastic
0.778516   21      13.9958      52.037      hIoni
0.784997   22      14.0485      44.6666      hIoni
0.790555   23      14.0918      38.4484      hIoni
0.795385   24      14.126      32.6909      hIoni
0.799589   25      14.1541      27.1175      hIoni
0.803237   26      14.1766      21.9916      hIoni
0.806425   27      14.1947      17.3546      hIoni
0.809253   28      14.2089      12.964      hIoni
0.811794   29      14.2184      8.85453      hIoni
0.814103   30      14.2256      4.32573      hIoni
