0.0168374   2      -0.6      600      hIoni
0.144312   3      2.42838      515.747      protonInelastic
0.0168374   2      -0.6      600      hIoni
0.144312   3      2.42838      514.645      hIoni
0.249522   4      4.83045      444.291      protonInelastic
0.0168374   2      -0.6      599.999      protonInelastic
0.0168374   2      -0.6      599.999      hadElastic
0.0961924   3      1.28522      546.79      hIoni
0.209707   4      3.9228      472.837      hIoni
0.304279   5      6.031      405.712      hIoni
0.38221   6      7.69928      354.374      hIoni
0.447836   7      9.04941      310.03      hIoni
0.503187   8      10.1348      269.528      hIoni
0.549501   9      11.0046      234.087      hIoni
0.58822   10      11.6937      204.738      hIoni
0.620903   11      12.2496      178.974      hIoni
0.648498   12      12.697      155.768      hIoni
0.671695   13      13.0532      136.106      hIoni
0.691321   14      13.3371      119.539      hIoni
0.708062   15      13.5651      103.769      hIoni
0.722174   16      13.7415      90.77      hIoni
0.734212   17      13.8833      78.2972      hIoni
0.744351   18      13.9951      67.6903      hIoni
0.752953   19      14.0838      58.8151      hIoni
0.76033   20      14.156      51.0286      hIoni
0.766681   21      14.2119      43.6631      hIoni
0.772118   22      14.2562      37.0424      hIoni
0.776791   23      14.2924      31.4205      hIoni
0.780863   24      14.3221      26.4269      hIoni
0.784446   25      14.3468      21.6541      hIoni
0.787606   26      14.3666      16.9487      hIoni
0.790405   27      14.3823      12.5383      hIoni
0.792922   28      14.3945      8.33567      hIoni
0.795198   29      14.4034      3.96431      hIoni
0.0168374   2      -0.6      600      hIoni
0.144312   3      2.42838      514.504      hIoni
0.249486   4      4.83424      442.171      protonInelastic
