0.0168374   2      -0.6      599.999      hIoni
0.144312   3      2.42837      517.732      protonInelastic
0.0168374   2      -0.6      600      hadElastic
0.113154   3      1.68818      538.138      protonInelastic
0.0168374   2      -0.6      599.999      hIoni
0.144312   3      2.42837      517.297      hIoni
0.250203   4      4.84379      447.218      hIoni
0.338357   5      6.77978      387.274      hIoni
0.411823   6      8.3322      337.874      hIoni
0.473583   7      9.58594      292.49      protonInelastic
0.0168374   2      -0.6      599.999      hIoni
0.144312   3      2.42837      514.472      protonInelastic
0.0168374   2      -0.6      599.997      protonInelastic
