0.0168374   2      -0.6      599.999      hadElastic
0.044713   3      0.0622339      583.04      protonInelastic
0.0168374   2      -0.6      599.999      hIoni
0.144312   3      2.42837      515.598      hIoni
0.249767   4      4.82621      445.392      hIoni
0.337466   5      6.74599      383.943      hIoni
0.41013   6      8.26076      332.989      hIoni
0.470756   7      9.47469      291.064      hIoni
0.52183   8      10.4553      253.918      hIoni
0.56476   9      11.2378      222.659      hIoni
0.6011   10      11.8749      194.098      hIoni
0.631657   11      12.3839      169.384      hIoni
0.657412   12      12.7902      148.287      hIoni
0.679233   13      13.1177      131.076      hIoni
0.697971   14      13.3861      114.928      protonInelastic
0.0168374   2      -0.6      599.999      protonInelastic
0.0168374   2      -0.6      600      protonInelastic
0.0168374   2      -0.6      600      hIoni
0.144312   3      2.42838      514.008      hIoni
0.249359   4      4.82909      446.985      hadElastic
0.274507   5      5.38334      430.638      protonInelastic
