0.0168374   2      -0.6      599.999      hIoni
0.144312   3      2.42838      516.531      protonInelastic
0.0168374   2      -0.6      599.999      hIoni
0.144312   3      2.42837      515.261      hIoni
0.24968   4      4.83397      446.765      hIoni
0.337721   5      6.74917      385.944      hIoni
0.410867   6      8.28482      336.078      hIoni
0.472209   7      9.51704      290.916      hIoni
0.523251   8      10.4972      251.387      hIoni
0.565638   9      11.2754      220.639      hIoni
0.601561   10      11.8967      194.129      hIoni
0.632124   11      12.406      168.545      hIoni
0.657719   12      12.8091      147.393      hIoni
0.679377   13      13.1339      129.688      hIoni
0.697871   14      13.3987      113.81      hIoni
0.713643   15      13.6123      99.2548      hIoni
0.727025   16      13.7834      85.9096      hIoni
0.738312   17      13.9188      74.4266      hIoni
0.747882   18      14.0267      64.6928      hIoni
0.756063   19      14.1133      56.2685      hIoni
0.763099   20      14.1828      48.464      hIoni
0.769125   21      14.2383      41.4526      hIoni
0.7743   22      14.2827      35.0995      hIoni
0.77876   23      14.318      29.3094      hIoni
0.78262   24      14.3462      24.1942      hIoni
0.785999   25      14.3686      19.4075      hIoni
0.788979   26      14.386      15.0265      hIoni
0.791648   27      14.3997      10.7198      hIoni
0.794063   28      14.4103      6.27535      hIoni
0.796154   29      14.4174      1.71956      hIoni
0.0168374   2      -0.6      600      protonInelastic
0.0168374   2      -0.6      599.999      hIoni
0.144312   3      2.42838      517.386      hadElastic
0.152707   4      2.62031      512.668      hIoni
0.257409   5      5.00356      443.421      protonInelastic
0.0168374   2      -0.6      600      hIoni
0.144312   3      2.42838      514.996      hIoni
0.249612   4      4.81496      443.025      hIoni
0.336723   5      6.71103      387.634      hIoni
0.410276   6      8.24462      334.83      hIoni
0.471328   7      9.4641      291.365      hIoni
0.52247   8      10.4376      254.546      protonInelastic
