0.0168374   2      -0.6      599.999      protonInelastic
0.0168374   2      -0.6      600      hadElastic
0.109649   3      1.60491      538.2      hIoni
0.220935   4      4.17005      469.93      hIoni
0.314775   5      6.24789      407.31      hIoni
0.393095   6      7.90208      353.286      hIoni
0.458465   7      9.21443      308.07      hIoni
0.513371   8      10.2613      266.188      hIoni
0.558955   9      11.0169      232.794      hIoni
0.597403   10      11.6323      202.773      hadElastic
0.60897   11      11.8129      193.314      hIoni
0.639372   12      12.2713      170.027      hIoni
0.665249   13      12.6395      149.623      hIoni
0.687314   14      12.9339      131.567      hIoni
0.706138   15      13.1835      114.452      hIoni
0.722018   16      13.3748      99.7632      hIoni
0.735481   17      13.528      87.4092      hIoni
0.746999   18      13.6494      75.6771      hIoni
0.756751   19      13.7436      65.5892      hIoni
0.765058   20      13.823      56.5115      hIoni
0.772126   21      13.8842      48.5501      hadElastic
0.776791   22      13.9213      43.1153      hIoni
0.782163   23      13.9621      36.6955      hIoni
0.786797   24      13.9945      31.0202      hIoni
0.790829   25      14.0192      25.532      hIoni
0.794329   26      14.0368      20.8008      hIoni
0.797419   27      14.0498      16.265      hIoni
0.80017   28      14.0605      12.2092      hIoni
0.802668   29      14.0676      7.93413      hIoni
0.804916   30      14.0732      3.51036      hIoni
0.0168374   2      -0.6      600      hIoni
0.144312   3      2.42838      514.51      hIoni
0.249488   4      4.83669      446.744      hIoni
0.337523   5      6.77658      386.033      hIoni
0.41069   6      8.32502      335.138      hadElastic
0.449523   7      9.10772      305.758      hIoni
0.503904   8      10.1723      269.059      hIoni
0.550115   9      11.0355      233.073      hIoni
0.588621   10      11.7108      201.774      hIoni
0.620709   11      12.2441      176.674      hIoni
0.647859   12      12.675      154.535      hIoni
0.670828   13      13.0244      134.543      hIoni
0.690178   14      13.3048      116.096      hIoni
0.706334   15      13.5238      101.305      hIoni
0.720046   16      13.6971      88.2667      hIoni
0.731696   17      13.8352      76.4101      hadElastic
0.737327   18      13.8977      70.217      hIoni
0.746288   19      13.9924      61.2927      hIoni
0.754001   20      14.0688      53.2109      hIoni
0.760634   21      14.1299      45.591      hIoni
0.766305   22      14.178      39.0661      hIoni
0.771204   23      14.2161      32.7947      hIoni
0.775419   24      14.2471      27.2097      hIoni
0.779076   25      14.2707      22.3128      hIoni
0.782291   26      14.2894      17.3606      hIoni
0.785119   27      14.3043      13.125      hIoni
0.78767   28      14.3161      8.96599      hIoni
0.789986   29      14.325      4.45292      hIoni
0.791687   30      14.3296      0.00496393      hIoni
0.0168374   3      -0.6      599.998      hIoni
0.144312   4      2.42837      517.184      hIoni
0.250174   5      4.84757      448.22      hadElastic
0.3231   6      6.44602      397.81      hIoni
0.399111   7      8.02361      346.18      hIoni
0.462812   8      9.2849      301.028      protonInelastic
0.0168374   2      -0.6      599.999      hadElastic
0.115659   3      1.74768      534.688      hIoni
0.226035   4      4.28337      462.303      hIoni
0.317959   5      6.30353      398.226      hIoni
0.394071   6      7.83552      345.682      hIoni
0.457655   7      9.07074      304.612      hIoni
0.511777   8      10.0772      263.843      hadElastic
0.533563   9      10.4694      247.111      protonInelastic
