0.0168374   2      -0.6      600      hIoni
0.144312   3      2.42838      518.789      hIoni
0.250587   4      4.85906      450.11      hIoni
0.339461   5      6.82097      387.799      hIoni
0.413053   6      8.37898      335.993      hIoni
0.474376   7      9.61735      293.549      hIoni
0.526007   8      10.6121      256.407      hIoni
0.569472   9      11.4155      223.421      hIoni
0.60597   10      12.0542      196.056      hIoni
0.636915   11      12.5717      171.585      hIoni
0.663089   12      12.987      150.941      hIoni
0.685396   13      13.316      131.533      hIoni
0.704214   14      13.5847      115.325      hIoni
0.720241   15      13.7992      101.19      hIoni
0.733934   16      13.9734      88.2978      hIoni
0.745589   17      14.111      76.3123      hIoni
0.755435   18      14.2184      65.8089      hIoni
0.763772   19      14.3045      56.9133      hIoni
0.770893   20      14.3728      48.7614      hIoni
0.776957   21      14.427      41.5532      hIoni
0.782144   22      14.4705      35.0155      hIoni
0.786595   23      14.5039      29.1179      hIoni
0.790436   24      14.5295      23.7905      hIoni
0.793779   25      14.549      18.9901      hIoni
0.796727   26      14.5645      14.4645      hIoni
0.79936   27      14.5772      10.2692      hIoni
0.80175   28      14.5875      5.80587      hIoni
0.803771   29      14.5938      1.13286      hIoni
0.0168374   2      -0.6      599.999      hIoni
0.144312   3      2.42838      518.458      hadElastic
0.229247   4      4.37673      460.477      hIoni
0.320712   5      6.4099      396.75      hIoni
0.396467   6      8.01857      341.99      hadElastic
0.403792   7      8.16737      335.365      hIoni
0.464969   8      9.40109      291.275      hIoni
0.516091   9      10.3812      253.85      hIoni
0.559006   10      11.169      217.97      hIoni
0.59438   11      11.7832      189.532      hIoni
0.624035   12      12.2704      165.21      hIoni
0.648998   13      12.6602      144.081      hIoni
0.670055   14      12.9735      126.093      hIoni
0.687923   15      13.224      109.283      hIoni
0.70294   16      13.4228      94.6656      hIoni
0.71559   17      13.579      82.4977      hIoni
0.726359   18      13.7059      71.389      hIoni
0.735488   19      13.8061      61.7262      hIoni
0.74326   20      13.8862      53.7143      hIoni
0.749959   21      13.9503      46.4289      hIoni
0.755732   22      14.0015      39.8659      hIoni
0.760724   23      14.042      33.9247      hIoni
0.765058   24      14.0707      28.0927      hIoni
0.768799   25      14.0944      22.6871      hIoni
0.772046   26      14.1134      18.0559      hIoni
0.774924   27      14.1274      13.4699      hIoni
0.777496   28      14.1382      9.32277      hIoni
0.779832   29      14.147      4.87959      hIoni
0.781673   30      14.1525      0.149292      hIoni
0.0168374   2      -0.6      599.999      hIoni
0.144312   3      2.42837      516.382      hIoni
0.249968   4      4.84644      447.758      hadElastic
0.264785   5      5.17302      436.981      hIoni
0.350396   6      7.02895      376.917      protonInelastic
0.0168374   2      -0.6      599.999      hIoni
0.144312   3      2.42837      517.253      hIoni
0.250192   4      4.84694      448.909      hIoni
0.338766   5      6.80214      390.324      hIoni
0.412968   6      8.36842      337.822      hIoni
0.474716   7      9.61461      296.971      protonInelastic
0.0168374   2      -0.6      599.999      protonInelastic
