0.0168374   2      -0.6      600      hIoni
0.144312   3      2.42838      520.168      hadElastic
0.243261   4      4.69632      453.984      hIoni
0.333102   5      6.67765      396.264      hIoni
0.408739   6      8.28894      344.228      hIoni
0.471983   7      9.57923      297.304      hIoni
0.524456   8      10.5977      259.379      protonInelastic
0.0168374   2      -0.6      599.999      hIoni
0.144312   3      2.42837      511.754      hadElastic
0.182043   4      3.28754      487.942      hIoni
0.280437   5      5.49167      422.239      hIoni
0.362411   6      7.25193      366.546      hIoni
0.430917   7      8.66386      319.947      hIoni
0.488534   8      9.79925      278.385      protonInelastic
0.0168374   2      -0.6      599.999      hadElastic
0.120387   3      1.86      530.565      hIoni
0.229697   4      4.38195      457.043      hIoni
0.320302   5      6.39285      395.539      hIoni
0.395764   6      7.99337      344.404      hIoni
0.459049   7      9.27575      300.679      hIoni
0.512282   8      10.3096      261.03      hIoni
0.556746   9      11.133      228.217      hIoni
0.594238   10      11.7994      199.301      hIoni
0.625831   11      12.3284      173.139      hIoni
0.652302   12      12.7502      151.947      hIoni
0.674794   13      13.0923      133.279      hIoni
0.69392   14      13.3682      116.848      hIoni
0.710204   15      13.5907      102.006      hIoni
0.724029   16      13.7692      89.2894      hIoni
0.735837   17      13.9133      77.2565      hIoni
0.745822   18      14.0275      66.8163      hIoni
0.754301   19      14.1184      57.7673      hIoni
0.761536   20      14.1909      49.3887      hIoni
0.767679   21      14.2483      42.4646      hIoni
0.772973   22      14.2944      36.193      hIoni
0.777552   23      14.3314      30.4287      hIoni
0.781524   24      14.361      24.852      hIoni
0.784962   25      14.384      20.0337      hIoni
0.787991   26      14.4024      15.6666      hIoni
0.790702   27      14.4168      11.1613      hIoni
0.793141   28      14.4279      6.71722      hIoni
0.795285   29      14.4352      2.26844      hIoni
0.0168374   2      -0.6      599.999      hIoni
0.144312   3      2.42837      516.3      hIoni
0.249947   4      4.84145      444.038      hIoni
0.337309   5      6.74996      379.555      hIoni
0.408921   6      8.2373      330.925      hIoni
0.469068   7      9.43147      288.536      hIoni
0.519578   8      10.3679      250.499      hIoni
0.561775   9      11.0997      218.42      protonInelastic
0.0168374   2      -0.6      599.999      hIoni
0.144312   3      2.42837      515.975      hIoni
0.249864   4      4.84527      445.586      hIoni
0.337611   5      6.77385      384.865      hIoni
0.410497   6      8.3076      334.999      hIoni
0.471589   7      9.53269      291.925      hIoni
0.522856   8      10.5203      252.269      hIoni
0.565432   9      11.3015      222.825      hIoni
0.601806   10      11.9122      193.59      hIoni
0.632262   11      12.4064      167.564      protonInelastic
