0.0168374   2      -0.6      600      protonInelastic
0.0168374   2      -0.6      599.999      hIoni
0.144312   3      2.42838      515.283      hIoni
0.249686   4      4.84103      441.29      hIoni
0.336365   5      6.73611      382.097      hIoni
0.408587   6      8.24866      329.932      hIoni
0.468504   7      9.43428      286.525      hIoni
0.518566   8      10.388      249.664      hIoni
0.560584   9      11.1577      218.967      hIoni
0.596163   10      11.7759      190.344      hIoni
0.625978   11      12.2654      166.145      hIoni
0.651119   12      12.6589      146.042      hIoni
0.672531   13      12.9774      126.894      hIoni
0.690538   14      13.2119      110.053      hIoni
0.705683   15      13.3967      95.1719      hIoni
0.718413   16      13.5404      83.137      hIoni
0.729278   17      13.6574      72.0325      hIoni
0.7385   18      13.7492      62.1917      hIoni
0.746336   19      13.8193      53.4708      hIoni
0.753003   20      13.8772      46.3772      hIoni
0.75877   21      13.923      39.7023      hIoni
0.763743   22      13.9616      33.6103      hIoni
0.768043   23      13.9926      28.2162      hIoni
0.771797   24      14.0184      22.8247      hIoni
0.775056   25      14.0389      18.1237      hIoni
0.777939   26      14.0548      13.924      hIoni
0.780538   27      14.0676      9.70258      hIoni
0.782896   28      14.0775      5.24473      hIoni
0.784821   29      14.0834      0.390517      hIoni
0.0168374   2      -0.6      600      protonInelastic
0.0168374   2      -0.6      599.998      hIoni
0.144312   3      2.42837      515.29      hIoni
0.249687   4      4.84189      444.289      hIoni
0.337112   5      6.75493      383.879      protonInelastic
0.0168374   2      -0.6      600      hIoni
0.144312   3      2.42838      516.709      hIoni
0.250052   4      4.84843      446.031      hadElastic
0.268796   5      5.26154      434.618      protonInelastic
