0.0168374   2      -0.6      599.999      hIoni
0.144312   3      2.42838      516.599      hIoni
0.250024   4      4.84153      446.029      protonInelastic
0.0168374   2      -0.6      600      protonInelastic
0.0168374   2      -0.6      599.999      hIoni
0.144312   3      2.42838      517.962      hIoni
0.250374   4      4.84971      447.227      hIoni
0.33853   5      6.78381      388.217      hIoni
0.412223   6      8.33903      337.254      hIoni
0.473839   7      9.58946      295.98      hIoni
0.526015   8      10.6031      257.25      hIoni
0.569662   9      11.4084      223.858      hIoni
0.60625   10      12.0419      195.513      hIoni
0.637087   11      12.5478      169.727      hIoni
0.662907   12      12.9473      147.105      hIoni
0.684513   13      13.2541      128.352      hIoni
0.702774   14      13.4979      112.269      hIoni
0.718288   15      13.6992      98.6141      hIoni
0.731566   16      13.8598      85.6422      hIoni
0.742813   17      13.9863      74.322      hIoni
0.752367   18      14.0845      64.454      hIoni
0.760515   19      14.1642      55.7478      hIoni
0.767482   20      14.2289      48.2939      hIoni
0.773487   21      14.2819      41.4132      hIoni
0.778658   22      14.324      35.3221      hIoni
0.783141   23      14.3542      29.5735      hIoni
0.787028   24      14.3779      24.0175      hIoni
0.790391   25      14.3961      19.353      hIoni
0.793367   26      14.4095      15.1651      hIoni
0.796044   27      14.4204      10.8243      hIoni
0.798465   28      14.428      6.57023      hIoni
0.800593   29      14.4333      2.05416      hIoni
0.0168374   2      -0.6      600      hIoni
0.144312   3      2.42838      517.027      hIoni
0.250134   4      4.84364      448.4      hIoni
0.338582   5      6.76914      390.478      hIoni
0.41282   6      8.31569      340.619      hIoni
0.47522   7      9.54793      297.129      hIoni
0.527654   8      10.5329      260.747      hIoni
0.572057   9      11.3316      229.214      hIoni
0.609757   10      11.9779      198.793      hIoni
0.641248   11      12.4868      173.774      hIoni
0.667841   12      12.894      152.013      hIoni
0.690345   13      13.2253      132.533      hIoni
0.709339   14      13.4815      115.213      hIoni
0.725347   15      13.6914      100.718      hIoni
0.738964   16      13.8603      87.4791      hIoni
0.750492   17      13.9942      75.9957      hIoni
0.760291   18      14.1014      66.0284      hIoni
0.768659   19      14.1858      57.5337      hIoni
0.775864   20      14.2535      49.5421      hIoni
0.782026   21      14.3074      42.4644      hIoni
0.78732   22      14.3508      35.826      hIoni
0.791859   23      14.3847      30.0531      hIoni
0.795793   24      14.4113      24.872      hIoni
0.799233   25      14.4319      20.0364      hIoni
0.802262   26      14.4476      15.3926      hIoni
0.804954   27      14.4593      11.0942      hIoni
0.80739   28      14.4677      6.74898      hIoni
0.809537   29      14.4739      2.0987      hIoni
0.0168374   3      -0.6      599.998      hIoni
0.144312   4      2.42837      515.934      protonInelastic
