0.0168374   2      -0.6      600      hIoni
0.144312   3      2.42837      518.327      hIoni
0.250468   4      4.85862      447.313      hadElastic
0.337328   5      6.76652      390.069      hIoni
0.411468   6      8.31439      338.291      protonInelastic
0.0168374   2      -0.6      600      protonInelastic
0.0168374   2      -0.6      599.999      hIoni
0.144312   3      2.42837      515.4      hIoni
0.249716   4      4.82043      448.302      hIoni
0.338139   5      6.75092      389.687      hIoni
0.412187   6      8.31313      339.809      hIoni
0.474398   7      9.57054      295.187      hIoni
0.526396   8      10.5743      256.448      hIoni
0.56987   9      11.3744      223.673      hIoni
0.60642   10      12.0175      195.123      hIoni
0.63718   11      12.5195      168.461      hIoni
0.662759   12      12.9125      147.322      hIoni
0.684404   13      13.2264      128.759      hIoni
0.702736   14      13.4772      111.53      hadElastic
0.703543   15      13.4874      110.704      hIoni
0.718796   16      13.6735      96.2042      hIoni
0.73169   17      13.8214      83.7117      hIoni
0.742642   18      13.9377      72.6208      hIoni
0.751949   19      14.0327      62.8991      hIoni
0.759882   20      14.1138      54.1239      hIoni
0.766635   21      14.1785      46.8928      hIoni
0.772465   22      14.2314      40.032      hIoni
0.777475   23      14.2727      34.1627      hIoni
0.781835   24      14.3068      28.2324      hIoni
0.78559   25      14.3332      23.0961      hIoni
0.788872   26      14.3543      18.3754      hIoni
0.791774   27      14.3706      13.9245      hIoni
0.794373   28      14.3823      9.47427      hIoni
0.796718   29      14.3911      5.17052      hIoni
0.798628   30      14.397      0.611288      hIoni
0.0168374   2      -0.6      600      hIoni
0.144312   3      2.42838      514.323      hIoni
0.249439   4      4.83495      444.657      protonInelastic
0.0168374   2      -0.6      599.998      hIoni
0.144312   3      2.42837      515.895      hIoni
0.249843   4      4.82957      448.039      hIoni
0.3382   5      6.74451      388.557      hIoni
0.411976   6      8.2488      336.951      hIoni
0.473521   7      9.45006      292.607      protonInelastic
