0.0168374   2      -0.6      599.999      hIoni
0.144312   3      2.42837      515.449      hadElastic
0.193524   4      3.55161      482.141      hIoni
0.290447   5      5.70955      417.973      protonInelastic
0.0168374   2      -0.6      599.999      hIoni
0.144312   3      2.42837      516.597      hIoni
0.250023   4      4.84494      447.042      hadElastic
0.27416   5      5.3756      430.585      hIoni
0.35819   6      7.19012      374.861      hIoni
0.428678   7      8.65311      325.39      hIoni
0.487547   8      9.81258      282.562      hIoni
0.536729   9      10.7364      245.732      hIoni
0.577908   10      11.4658      214.881      hIoni
0.61265   11      12.0418      187.935      hIoni
0.641991   12      12.5061      163.256      hIoni
0.666586   13      12.8764      143.754      hIoni
0.687584   14      13.1764      124.993      hIoni
0.705262   15      13.4132      107.824      hIoni
0.720037   16      13.5978      93.8505      hIoni
0.732559   17      13.7396      82.2613      hIoni
0.743292   18      13.8581      71.7867      hIoni
0.752478   19      13.9521      62.3997      hIoni
0.760342   20      14.0256      54.633      hIoni
0.767162   21      14.0879      47.0323      hIoni
0.77301   22      14.1381      40.4956      hIoni
0.778074   23      14.1775      34.4248      hIoni
0.782461   24      14.2076      29.0748      hIoni
0.786298   25      14.2302      23.9609      hIoni
0.789656   26      14.2469      19.1149      hIoni
0.792614   27      14.259      14.6345      hIoni
0.795257   28      14.2689      10.249      hIoni
0.797646   29      14.2772      6.11515      hIoni
0.799715   30      14.2828      1.43533      hIoni
0.0168374   2      -0.6      599.999      hIoni
0.144312   3      2.42837      516.214      hIoni
0.249925   4      4.84596      444.638      hIoni
0.337436   5      6.77254      382.835      protonInelastic
0.0168374   2      -0.6      600      protonInelastic
0.0168374   2      -0.6      600      hadElastic
0.0541732   3      0.286977      576.609      protonInelastic
