0.0168374   2      -0.6      599.999      hIoni
0.144312   3      2.42837      515.414      hIoni
0.249719   4      4.83948      448.362      hIoni
0.338158   5      6.78411      386.589      hIoni
0.411459   6      8.33347      334.698      hIoni
0.472481   7      9.56862      291.577      hIoni
0.52367   8      10.5548      253.092      protonInelastic
0.0168374   2      -0.6      600      hIoni
0.144312   3      2.42837      520.298      hIoni
0.250975   4      4.87718      446.867      hIoni
0.339041   5      6.81829      386.412      hIoni
0.412299   6      8.36758      337.933      protonInelastic
0.0168374   2      -0.6      599.999      hIoni
0.144312   3      2.42837      518.37      hIoni
0.250479   4      4.85443      450.006      hIoni
0.339327   5      6.80384      387.603      hIoni
0.412872   6      8.3178      334.583      hIoni
0.473868   7      9.52255      290.383      hIoni
0.52479   8      10.4928      256.734      hIoni
0.568326   9      11.2864      222.575      hIoni
0.604649   10      11.9241      194.994      hIoni
0.635383   11      12.434      170.893      hIoni
0.661425   12      12.8379      148.941      hIoni
0.683366   13      13.1587      130.676      hIoni
0.702034   14      13.4109      113.665      hIoni
0.717781   15      13.613      98.4122      hIoni
0.731027   16      13.7704      86.6763      hIoni
0.742432   17      13.8992      75.2716      hIoni
0.752125   18      14.0013      65.6407      hIoni
0.760439   19      14.0842      57.2276      hIoni
0.767602   20      14.1538      49.5614      protonInelastic
0.0168374   2      -0.6      599.999      hIoni
0.144312   3      2.42838      515.549      hIoni
0.249754   4      4.8282      449.827      protonInelastic
0.0168374   2      -0.6      599.999      hIoni
0.144312   3      2.42838      518.168      hIoni
0.250427   4      4.8583      448.885      hadElastic
0.329356   5      6.59664      397.84      hIoni
0.405375   6      8.21972      344.746      hIoni
0.46874   7      9.51449      304.382      hIoni
0.52281   8      10.5759      264.259      hIoni
0.567974   9      11.4144      230.006      hIoni
0.60584   10      12.088      201.881      hIoni
0.637949   11      12.6345      177.408      hIoni
0.665241   12      13.0751      155.318      hIoni
0.688355   13      13.4311      135.817      hIoni
0.70793   14      13.7159      119.354      hIoni
0.724639   15      13.9456      104.145      hIoni
0.738812   16      14.1289      91.3575      hadElastic
0.73921   17      14.1338      91.027      hIoni
0.751289   18      14.2793      78.8646      hIoni
0.761512   19      14.3948      68.4101      hIoni
0.770216   20      14.4869      59.0275      hIoni
0.777621   21      14.5599      50.9762      hIoni
0.783966   22      14.6183      43.7395      hIoni
0.789412   23      14.6655      37.3362      hIoni
0.794117   24      14.7036      31.6741      hIoni
0.798216   25      14.7337      26.5236      hIoni
0.801808   26      14.7582      21.7397      hIoni
0.804975   27      14.7764      17.15      hIoni
0.807788   28      14.7909      12.6256      hIoni
0.810309   29      14.8019      8.41167      hIoni
0.812591   30      14.8101      3.87784      hIoni
