0.0168374   2      -0.6      600      protonInelastic
0.0168374   2      -0.6      599.999      hIoni
0.144312   3      2.42838      519.537      hIoni
0.250779   4      4.86247      449.397      hIoni
0.339475   5      6.81512      389.832      hadElastic
0.358885   6      7.22635      377.266      hIoni
0.429948   7      8.71494      327.095      hIoni
0.48921   8      9.89554      283.339      hIoni
0.538565   9      10.826      247.394      hIoni
0.580098   10      11.5722      214.661      hIoni
0.614794   11      12.1727      187.379      hIoni
0.644026   12      12.6457      162.116      hIoni
0.668408   13      13.0098      141.783      hadElastic
0.687452   14      13.2848      125.208      hIoni
0.705167   15      13.5111      109.458      hIoni
0.720213   16      13.6866      95.0212      hIoni
0.73292   17      13.8194      82.5813      hIoni
0.743701   18      13.9228      71.6142      hIoni
0.752862   19      14.001      62.0666      hIoni
0.760681   20      14.0659      53.2659      hIoni
0.767322   21      14.1144      45.9673      hIoni
0.773038   22      14.1543      39.0312      hIoni
0.777934   23      14.1838      33.1007      hIoni
0.782181   24      14.2064      27.452      hIoni
0.785861   25      14.2235      22.4874      hIoni
0.789091   26      14.2366      17.9019      hIoni
0.791958   27      14.2477      13.637      hIoni
0.794539   28      14.2582      9.34321      hIoni
0.796877   29      14.2662      5.02516      hIoni
0.798755   30      14.2711      0.199336      hIoni
0.0168374   2      -0.6      600      hIoni
0.144312   3      2.42837      516.327      hIoni
0.249954   4      4.80255      446.522      protonInelastic
0.0168374   2      -0.6      599.999      hIoni
0.144312   3      2.42838      514.049      protonInelastic
0.0168374   2      -0.6      600      hIoni
0.144312   3      2.42838      519.724      hIoni
0.250827   4      4.83812      448.965      hadElastic
0.275527   5      5.37028      431.552      hIoni
0.359795   6      7.16147      372.016      hIoni
0.429604   7      8.58096      323.539      hIoni
0.488046   8      9.72082      280.926      hIoni
0.536866   9      10.6109      247.449      hIoni
0.578412   10      11.3137      216.568      hIoni
0.613498   11      11.8587      189.109      hIoni
0.64307   12      12.3024      165.166      hIoni
0.668025   13      12.6456      144.358      hIoni
0.689132   14      12.9342      126.875      hIoni
0.707136   15      13.1504      111.066      hIoni
0.722449   16      13.3143      96.3874      hIoni
0.735372   17      13.4333      83.638      hIoni
0.746313   18      13.5233      72.1564      hIoni
0.755553   19      13.5974      63.3617      hIoni
0.76355   20      13.6546      54.9442      hIoni
0.770411   21      13.7032      46.7954      hIoni
0.776229   22      13.7413      40.0563      hIoni
0.781242   23      13.7733      33.8952      hIoni
0.785573   24      13.7995      28.2956      hIoni
0.789334   25      13.8221      23.252      hIoni
0.79263   26      13.8408      18.6264      hIoni
0.795551   27      13.8557      14.2894      hIoni
0.798172   28      13.867      9.87942      hIoni
0.800541   29      13.8759      5.52302      hIoni
0.802515   30      13.881      0.823847      hIoni
