0.0168374   2      -0.6      600      hIoni
0.144312   3      2.42838      514.035      hIoni
0.249366   4      4.81572      444.263      protonInelastic
0.0168374   3      -0.6      599.998      protonInelastic
0.0168374   2      -0.6      600      protonInelastic
0.1194   3      1.83655      531.007      hIoni
0.228824   4      4.35769      459.204      hIoni
0.319971   5      6.3809      398.309      hIoni
0.396103   6      8.00512      346.601      hIoni
0.459902   7      9.3095      297.901      hIoni
0.51251   8      10.3359      258.908      hIoni
0.556515   9      11.1503      226.518      hIoni
0.593654   10      11.8089      197.673      hIoni
0.624922   11      12.3345      172.421      hIoni
0.651256   12      12.7561      151.049      hIoni
0.673582   13      13.0936      131.475      hIoni
0.69239   14      13.3598      114.107      hIoni
0.708212   15      13.5723      99.0967      hIoni
0.721568   16      13.7414      86.3292      hIoni
0.732919   17      13.877      75.2961      hIoni
0.742616   18      13.9856      65.3321      hIoni
0.750887   19      14.0728      55.765      hIoni
0.757856   20      14.1411      47.9893      hIoni
0.763823   21      14.1961      41.1723      hIoni
0.768965   22      14.2383      35.0168      hIoni
0.773416   23      14.2722      29.1906      hIoni
0.777264   24      14.2989      24.2235      hIoni
0.780646   25      14.3205      19.4432      hIoni
0.783629   26      14.3374      15.1937      hIoni
0.786308   27      14.3509      10.884      hIoni
0.788732   28      14.3619      6.6325      hIoni
0.790867   29      14.3693      1.90638      hIoni
0.0168374   2      -0.6      599.999      hIoni
0.144312   3      2.42838      521.125      hIoni
0.251188   4      4.77737      454.435      hIoni
0.341141   5      6.63759      396.463      hIoni
0.416826   6      8.1588      343.272      protonInelastic
0.0168374   2      -0.6      599.999      hIoni
0.144312   3      2.42837      517.993      protonInelastic
