0.0168374   3      -0.6      599.998      protonInelastic
0.0168374   2      -0.6      600      hIoni
0.144312   3      2.42838      519.046      hadElastic
0.177913   4      3.19919      497.592      hIoni
0.278761   5      5.47567      427.807      hIoni
0.362105   6      7.29237      372.417      hadElastic
0.418516   7      8.47207      334.402      hIoni
0.47947   8      9.70592      291.278      hIoni
0.530592   9      10.6955      254.284      hIoni
0.5736   10      11.4895      221.949      hIoni
0.609794   11      12.1275      193.36      hIoni
0.640204   12      12.6367      168.645      hIoni
0.665819   13      13.0433      148.154      hIoni
0.687615   14      13.3708      129.512      hIoni
0.706079   15      13.6337      112.099      hIoni
0.721565   16      13.8399      98.1096      hIoni
0.734762   17      14.0062      85.38      hIoni
0.745969   18      14.1386      74.1178      hIoni
0.755493   19      14.2452      64.5517      hIoni
0.763655   20      14.3307      55.2761      hIoni
0.770559   21      14.3967      47.7618      hIoni
0.776498   22      14.4484      40.9182      hIoni
0.781611   23      14.4892      34.9772      hIoni
0.786057   24      14.5217      29.4783      hIoni
0.789934   25      14.5482      24.4271      hIoni
0.793334   26      14.5698      19.4579      hIoni
0.796318   27      14.5871      14.9992      hIoni
0.798985   28      14.6006      10.6976      hIoni
0.801398   29      14.6096      6.53606      hIoni
0.803522   30      14.6153      1.87376      hIoni
0.0168374   2      -0.6      599.999      hIoni
0.144312   3      2.42838      517.097      hIoni
0.250152   4      4.8444      445.679      protonInelastic
0.0168374   2      -0.6      600      hIoni
0.144312   3      2.42838      519.354      hIoni
0.250732   4      4.87094      446.776      hIoni
0.338775   5      6.80486      387.865      hIoni
0.412384   6      8.3598      337.943      protonInelastic
0.0168374   2      -0.6      599.999      hIoni
0.144312   3      2.42837      517.013      protonInelastic
