0.0168374   2      -0.6      599.999      protonInelastic
0.0168374   2      -0.6      599.999      hIoni
0.144312   3      2.42838      517.92      hIoni
0.250363   4      4.85476      442.493      hIoni
0.337342   5      6.76269      383.746      hadElastic
0.339627   6      6.81079      382.148      hadElastic
0.343335   7      6.88837      379.209      protonInelastic
0.0168374   2      -0.6      600      hIoni
0.144312   3      2.42838      516.811      protonInelastic
0.0168374   2      -0.6      599.998      hadElastic
0.113408   3      1.6942      537.805      hIoni
0.224591   4      4.25627      462.404      hadElastic
0.308703   5      6.12036      406.662      hadElastic
0.374244   6      7.52682      362.256      hIoni
0.441733   7      8.92502      315.196      hIoni
0.498262   8      10.0452      275.231      hIoni
0.545826   9      10.9462      238.219      protonInelastic
0.0168374   2      -0.6      599.999      protonInelastic
