0.0168374   2      -0.6      599.999      hIoni
0.144312   3      2.42837      514.742      hadElastic
0.231024   4      4.40201      458.049      hIoni
0.321881   5      6.39275      393.953      hIoni
0.396959   6      7.96728      342.672      hIoni
0.459839   7      9.21999      297.474      hIoni
0.51235   8      10.2247      260.57      hIoni
0.556714   9      11.0328      226.646      hIoni
0.59388   10      11.6645      196.368      hIoni
0.624888   11      12.1641      172.261      hIoni
0.651191   12      12.5628      150.944      hIoni
0.673499   13      12.8794      132.394      hIoni
0.692469   14      13.134      114.544      hIoni
0.708364   15      13.3316      99.9338      hIoni
0.721854   16      13.4884      86.9632      hIoni
0.733303   17      13.6088      75.976      hIoni
0.7431   18      13.7088      65.7961      hIoni
0.751435   19      13.7927      57.3682      hIoni
0.758617   20      13.8607      49.113      hIoni
0.764725   21      13.9139      41.8868      hIoni
0.769951   22      13.9581      35.6395      hIoni
0.77447   23      13.9937      30.0672      hIoni
0.778405   24      14.0226      24.8547      hIoni
0.781843   25      14.0454      20.0462      hIoni
0.784873   26      14.0635      15.4084      hIoni
0.787567   27      14.0771      11.1327      hIoni
0.790004   28      14.0876      6.85841      hIoni
0.792163   29      14.0949      2.22478      hIoni
0.0168374   2      -0.6      599.998      hIoni
0.144312   3      2.42837      514.377      hIoni
0.249453   4      4.81709      446.475      hIoni
0.337421   5      6.7399      388.818      hadElastic
0.404387   6      8.15777      340.336      hIoni
0.466721   7      9.4267      299.737      hIoni
0.519742   8      10.4628      256.236      hIoni
0.563171   9      11.2663      223.854      hIoni
0.599758   10      11.911      197.008      hIoni
0.630893   11      12.4338      171.001      hIoni
0.656955   12      12.8484      148.021      hIoni
0.678728   13      13.175      128.706      hIoni
0.697051   14      13.4333      111.893      hIoni
0.712502   15      13.6347      96.7777      hIoni
0.725487   16      13.7923      84.5258      hIoni
0.736563   17      13.9192      73.3541      hadElastic
0.744891   18      14.0103      64.5961      hIoni
0.753058   19      14.0911      55.778      hIoni
0.760029   20      14.1554      47.9132      hIoni
0.765987   21      14.2065      40.5802      hIoni
0.77106   22      14.2465      34.3124      hIoni
0.775436   23      14.2781      28.7639      hIoni
0.779242   24      14.3036      23.705      hIoni
0.782578   25      14.3233      19.0557      hIoni
0.785531   26      14.3388      14.7243      hIoni
0.78818   27      14.3508      10.4973      hIoni
0.790582   28      14.3598      6.26113      hIoni
0.792672   29      14.3663      1.60754      hIoni
0.0168374   2      -0.6      600      hIoni
0.144312   3      2.42838      515.853      hIoni
0.249832   4      4.84547      443.474      hIoni
0.337054   5      6.76035      383.08      hIoni
0.409512   6      8.28843      332.043      hIoni
0.469918   7      9.50605      287.137      hIoni
0.520116   8      10.4705      249.725      hIoni
0.562147   9      11.2405      217.778      hIoni
0.597482   10      11.8556      189.366      hIoni
0.627104   11      12.3392      165.702      hIoni
0.652161   12      12.7289      143.674      hIoni
0.673144   13      13.0366      125.655      hIoni
0.690936   14      13.2862      108.267      hIoni
0.705785   15      13.478      94.5848      hIoni
0.718423   16      13.6333      82.1169      hIoni
0.729134   17      13.7573      71.2116      hIoni
0.738238   18      13.8562      62.043      hIoni
0.746053   19      13.9365      53.9165      hIoni
0.752778   20      14.0015      47.1185      hIoni
0.758637   21      14.0543      40.3134      hIoni
0.76368   22      14.0953      34.098      hIoni
0.768032   23      14.1285      28.3421      hIoni
0.771798   24      14.1552      23.3447      hIoni
0.775102   25      14.1763      18.6901      hIoni
0.778027   26      14.1933      14.1953      hIoni
0.780643   27      14.2067      9.85825      hIoni
0.78301   28      14.2169      5.72654      hIoni
0.785018   29      14.2234      1.16421      hIoni
0.0168374   2      -0.6      599.999      hIoni
0.144312   3      2.42837      516.499      hIoni
0.249998   4      4.848      448.083      hIoni
0.338367   5      6.79633      390.098      hIoni
0.412514   6      8.36758      340.645      protonInelastic
0.0168374   2      -0.6      599.999      protonInelastic
