0.0168374   2      -0.6      600      hIoni
0.144312   3      2.42838      515.647      hIoni
0.249779   4      4.84469      439.447      hIoni
0.336002   5      6.73818      384.195      hIoni
0.408727   6      8.27517      332.74      hadElastic
0.419062   7      8.48389      325.658      hIoni
0.477993   8      9.6593      282.372      hIoni
0.527133   9      10.5994      246.425      hIoni
0.56846   10      11.3552      216.664      hIoni
0.603566   11      11.9678      186.922      hIoni
0.632709   12      12.4477      163.141      hIoni
0.657283   13      12.8172      144.178      hIoni
0.678357   14      13.1131      125.77      hIoni
0.696169   15      13.351      108.881      hadElastic
0.705839   16      13.4719      101.029      hIoni
0.719506   17      13.6293      88.1404      hIoni
0.731137   18      13.7507      76.8914      hIoni
0.741068   19      13.8466      66.3951      hIoni
0.749487   20      13.9206      57.6359      hIoni
0.756705   21      13.9796      49.7752      hIoni
0.762897   22      14.0268      42.5812      hIoni
0.768205   23      14.0648      35.9977      hIoni
0.772763   24      14.0957      30.3      hIoni
0.776722   25      14.1171      25.109      hIoni
0.780183   26      14.133      20.8736      hIoni
0.783279   27      14.146      15.9653      hIoni
0.786009   28      14.1573      11.8196      hIoni
0.788485   29      14.1663      7.40777      hIoni
0.790693   30      14.1731      2.89197      hIoni
0.0168374   3      -0.6      599.998      hIoni
0.144312   4      2.42837      515.739      protonInelastic
0.0168374   2      -0.6      599.999      hIoni
0.144312   3      2.42837      516.888      hIoni
0.250098   4      4.84985      445.458      hIoni
0.337813   5      6.78246      383.969      hIoni
0.410484   6      8.30907      332.537      hIoni
0.471005   7      9.52411      289.498      hIoni
0.52173   8      10.4969      253.626      hIoni
0.564597   9      11.285      220.321      protonInelastic
0.0168374   4      -0.6      599.994      hIoni
0.144311   5      2.42833      516.829      hadElastic
0.161629   6      2.82508      504.776      hIoni
0.264311   7      5.16224      434.73      hIoni
0.349365   8      7.02039      374.393      hIoni
0.419741   9      8.49523      323.737      hIoni
0.478229   10      9.6678      284.111      hIoni
0.527755   11      10.6181      246.765      hIoni
0.569154   12      11.3747      216.54      hIoni
0.604235   13      11.987      187.866      hIoni
0.633563   14      12.4723      164.411      hIoni
0.658376   15      12.7931      143.001      hIoni
0.679237   16      13.0323      124.631      hadElastic
0.691789   17      13.1681      113.294      hIoni
0.707474   18      13.3464      98.8588      hIoni
0.720792   19      13.4922      87.1821      hIoni
0.732275   20      13.6089      76.0266      hIoni
0.742078   21      13.7004      65.9413      hIoni
0.750434   22      13.7724      57.2147      hIoni
0.757596   23      13.8346      49.4832      hIoni
0.763751   24      13.884      41.9285      hIoni
0.768982   25      13.9243      36.0804      hIoni
0.773548   26      13.9577      29.7892      hIoni
0.777456   27      13.9855      24.6173      hIoni
0.780873   28      14.0078      19.6487      hIoni
0.783871   29      14.0252      15.0546      hIoni
0.786542   30      14.0388      10.8112      hIoni
0.788962   31      14.0491      6.47349      hIoni
0.791078   32      14.0557      1.89125      hIoni
0.0168374   2      -0.6      599.999      hIoni
0.144312   3      2.42838      514.451      hIoni
0.249472   4      4.83242      443.988      hIoni
0.336822   5      6.75325      384.837      hadElastic
0.351974   6      7.07274      374.425      hIoni
0.422358   7      8.54664      322.949      hIoni
0.480665   8      9.71292      281.626      hIoni
0.52964   9      10.6416      244.242      hIoni
0.570502   10      11.3828      214.271      hIoni
0.605119   11      11.9738      187.686      hIoni
0.634411   12      12.4543      163      hIoni
0.658959   13      12.8331      142.82      hIoni
0.679787   14      13.1427      125.183      hIoni
0.697498   15      13.3911      109.619      hIoni
0.712571   16      13.5914      94.9789      hIoni
0.725271   17      13.7498      82.2004      hIoni
0.735994   18      13.8746      71.4455      hIoni
0.745132   19      13.9739      61.6938      hIoni
0.752899   20      14.0518      52.8236      hIoni
0.759482   21      14.114      45.3177      hIoni
0.765119   22      14.1634      38.9161      hIoni
0.770002   23      14.2035      32.5136      hIoni
0.774188   24      14.2347      27.165      hIoni
0.77784   25      14.2587      22.2247      hIoni
0.781048   26      14.2775      17.7271      hIoni
0.783902   27      14.2931      13.247      hIoni
0.78646   28      14.3051      9.01266      hIoni
0.788779   29      14.3144      4.66874      hIoni
0.790555   30      14.3189      0.0227012      hIoni
