0.0168374   2      -0.6      600      hIoni
0.144312   3      2.42838      513.721      hIoni
0.249285   4      4.8269      443.856      protonInelastic
0.0168374   2      -0.6      599.999      hIoni
0.144312   3      2.42837      518.111      hIoni
0.250412   4      4.85736      448.722      hIoni
0.33894   5      6.80859      387.223      hIoni
0.412394   6      8.36089      336.706      hIoni
0.473883   7      9.60674      292.968      hIoni
0.525383   8      10.6046      256.116      hIoni
0.568786   9      11.4036      223.602      hIoni
0.605321   10      12.0402      195.065      hIoni
0.636069   11      12.5525      169.95      hIoni
0.661932   12      12.9593      147.372      hIoni
0.683586   13      13.2814      127.583      hIoni
0.701713   14      13.514      110.978      hIoni
0.717012   15      13.6998      96.9059      hIoni
0.730017   16      13.852      84.9327      hIoni
0.741155   17      13.978      73.7524      hIoni
0.750627   18      14.0771      63.4338      hIoni
0.758633   19      14.1559      54.4802      hIoni
0.765433   20      14.2196      46.9496      hIoni
0.771271   21      14.2699      40.1392      hIoni
0.776293   22      14.3089      33.9233      hIoni
0.780627   23      14.3415      28.0596      hIoni
0.784365   24      14.3678      23.0404      hIoni
0.787643   25      14.3881      18.002      hIoni
0.790517   26      14.4038      13.7603      hIoni
0.793106   27      14.4168      9.68178      hIoni
0.795463   28      14.4269      5.29679      hIoni
0.797398   29      14.4328      0.538572      hIoni
0.0168374   2      -0.6      599.999      hadElastic
0.0733033   3      0.741446      565.321      protonInelastic
0.0168374   2      -0.6      599.999      protonInelastic
0.0168374   2      -0.6      599.999      protonInelastic
