0.0168374   2      -0.6      600      hIoni
0.144312   3      2.42838      519.06      hadElastic
0.201417   4      3.73673      481.002      hIoni
0.298051   5      5.91011      417.204      protonInelastic
0.0168374   2      -0.6      600      hadElastic
0.0287906   3      -0.316029      592.776      hIoni
0.154355   4      2.65659      511.932      protonInelastic
0.0168374   2      -0.6      600      hIoni
0.144312   3      2.42838      509.507      hIoni
0.248205   4      4.79891      438.449      hIoni
0.334179   5      6.67803      379.006      hIoni
0.405659   6      8.17649      327.395      hIoni
0.46499   7      9.35649      288.179      hIoni
0.515421   8      10.3202      250.252      hadElastic
0.523027   9      10.458      245.092      hIoni
0.56407   10      11.1901      213.485      hIoni
0.598527   11      11.7777      187.509      hIoni
0.627784   12      12.2525      163.213      hIoni
0.652372   13      12.6228      141.715      hIoni
0.673001   14      12.9196      123.536      hIoni
0.690427   15      13.1563      107.612      hIoni
0.705168   16      13.3461      94.0547      hIoni
0.717722   17      13.4996      82.0695      hIoni
0.728426   18      13.6237      71.5058      hIoni
0.737572   19      13.7237      62.2844      hIoni
0.74542   20      13.8045      53.8869      hIoni
0.752142   21      13.8685      46.03      hIoni
0.757866   22      13.9195      39.2683      hIoni
0.762789   23      13.9599      33.2162      hIoni
0.767048   24      13.9924      27.589      hIoni
0.770741   25      14.0181      22.3779      hIoni
0.773962   26      14.0384      17.825      hIoni
0.776823   27      14.0543      13.5094      hIoni
0.779397   28      14.0662      9.1571      hIoni
0.781724   29      14.0751      4.77567      hIoni
0.0168374   2      -0.6      600      hIoni
0.144312   3      2.42837      518.049      hIoni
0.250397   4      4.85415      446.806      hadElastic
0.274891   5      5.38504      428.909      hIoni
0.358507   6      7.15129      373.584      hIoni
0.428691   7      8.58674      322.736      hIoni
0.486948   8      9.74118      279.335      hIoni
0.535416   9      10.6466      244.417      hIoni
0.576316   10      11.3734      213.602      hIoni
0.610797   11      11.9702      186.63      hIoni
0.639882   12      12.4491      163.528      hIoni
0.664528   13      12.8347      142.353      hIoni
0.685273   14      13.1414      124.695      hIoni
0.702899   15      13.3893      109.149      hIoni
0.717894   16      13.5876      95.1941      hIoni
0.730628   17      13.7463      83.9375      hIoni
0.741614   18      13.8759      72.8159      hIoni
0.75095   19      13.98      63.8078      hIoni
0.759008   20      14.0646      54.4103      hIoni
0.765799   21      14.1307      46.953      hIoni
0.771637   22      14.1834      40.2092      hIoni
0.776667   23      14.2246      33.8456      hIoni
0.780993   24      14.2573      28.517      hIoni
0.784775   25      14.2837      23.4705      hIoni
0.78809   26      14.3046      18.9401      hIoni
0.791035   27      14.3205      14.3668      hIoni
0.793661   28      14.3333      10.1185      hIoni
0.796043   29      14.3432      5.78532      hIoni
0.798061   30      14.3492      1.11067      hIoni
0.0168374   2      -0.6      599.999      hIoni
0.144312   3      2.42838      515.093      hIoni
0.249637   4      4.83885      444.769      hadElastic
0.26762   5      5.23015      432.547      hIoni
0.352134   6      7.0654      375.972      hIoni
0.422888   7      8.52864      325.978      hIoni
0.481892   8      9.69408      283.245      hIoni
0.531226   9      10.6396      246.334      hIoni
0.572533   10      11.3822      213.431      hIoni
0.606979   11      11.9745      186.11      hIoni
0.635962   12      12.4449      162.82      hIoni
0.660476   13      12.8223      142.705      hIoni
0.681284   14      13.1317      123.371      hIoni
0.698681   15      13.3755      107.281      hIoni
0.713368   16      13.5697      93.41      hIoni
0.72582   17      13.7244      81.7168      hIoni
0.73647   18      13.8494      71.7757      hIoni
0.745656   19      13.9512      61.5419      hIoni
0.753402   20      14.0312      53.5634      hIoni
0.760082   21      14.0958      45.777      hIoni
0.765775   22      14.1467      39.2625      hIoni
0.770697   23      14.1881      33.3443      hIoni
0.77497   24      14.2212      28.2906      hIoni
0.77873   25      14.2479      23.2846      hIoni
0.782029   26      14.2691      18.4646      hIoni
0.784937   27      14.2852      13.9902      hIoni
0.78754   28      14.298      9.76158      hIoni
0.789902   29      14.3079      5.30236      hIoni
0.791838   30      14.3134      0.626518      hIoni
