0.0168374   2      -0.6      599.999      hIoni
0.144312   3      2.42838      514.647      hIoni
0.249523   4      4.83371      441.681      hIoni
0.336299   5      6.73656      382.273      hIoni
0.408563   6      8.24988      332.813      hIoni
0.469147   7      9.46643      291.851      hIoni
0.520398   8      10.4506      255.052      hIoni
0.563571   9      11.2432      219.835      hIoni
0.599329   10      11.8612      191.307      hIoni
0.629334   11      12.3566      166.602      hIoni
0.654561   12      12.7507      144.947      hIoni
0.675774   13      13.0628      126.378      hIoni
0.693692   14      13.3112      109.279      hIoni
0.708708   15      13.5053      94.2982      hIoni
0.7213   16      13.6587      82.357      hIoni
0.732047   17      13.7838      71.8838      hIoni
0.741248   18      13.885      62.0482      hIoni
0.749064   19      13.9648      53.4576      hIoni
0.75573   20      14.0288      45.9957      hIoni
0.76145   21      14.0791      39.0348      hIoni
0.766346   22      14.1163      33.0965      hIoni
0.770592   23      14.1453      27.894      hIoni
0.774314   24      14.1669      23.071      hIoni
0.777595   25      14.1846      18.4099      hIoni
0.780499   26      14.1988      13.9374      hIoni
0.783099   27      14.2104      9.65746      hIoni
0.785455   28      14.2192      5.22391      hIoni
0.787375   29      14.2246      0.447788      hIoni
0.0168374   2      -0.6      600      protonInelastic
0.0168374   2      -0.6      599.999      protonInelastic
0.0168374   2      -0.6      600      hIoni
0.144312   3      2.42838      518.574      hadElastic
0.223717   4      4.24401      465.795      hIoni
0.316517   5      6.29214      403.625      hIoni
0.393941   6      7.91654      349.043      hIoni
0.458313   7      9.18925      301.694      hadElastic
0.510379   8      10.1623      262.536      hIoni
0.555169   9      10.9853      229.614      hIoni
0.592953   10      11.6479      200.361      hIoni
0.624757   11      12.1761      176.208      hIoni
0.651818   12      12.5978      154.4      hIoni
0.674762   13      12.9336      135.177      hIoni
0.694224   14      13.1996      117.739      hIoni
0.710659   15      13.4125      103.119      hIoni
0.724664   16      13.5818      90.1946      hIoni
0.736613   17      13.728      77.8305      hIoni
0.746683   18      13.8438      67.2194      hIoni
0.755218   19      13.9354      58.4801      hIoni
0.76255   20      14.009      50.4223      hIoni
0.768824   21      14.0676      43.4603      hIoni
0.774236   22      14.1146      36.8339      hIoni
0.778886   23      14.1523      31.1264      hIoni
0.782929   24      14.1826      25.5005      hIoni
0.786425   25      14.2062      20.5932      hIoni
0.789499   26      14.2243      16.3011      hIoni
0.792252   27      14.2389      12.1632      hIoni
0.794748   28      14.2506      7.90904      hIoni
0.796994   29      14.2592      3.33351      hIoni
0.0168374   2      -0.6      599.999      hIoni
0.144312   3      2.42838      521.024      hIoni
0.251162   4      4.88113      451.337      hIoni
0.340341   5      6.84754      392.092      hadElastic
0.369937   6      7.47162      373.006      hIoni
0.439982   7      8.92441      324.158      hIoni
0.498567   8      10.0893      283.068      hadElastic
0.526977   9      10.6281      262.967      hIoni
0.571861   10      11.386      228.201      hIoni
0.60935   11      12.0048      199.177      hIoni
0.640918   12      12.5074      174.05      hIoni
0.667564   13      12.9075      150.639      hIoni
0.689815   14      13.2218      131.506      hIoni
0.708629   15      13.472      114.424      hIoni
0.724504   16      13.674      99.5831      hadElastic
0.7279   17      13.7145      96.4604      hIoni
0.740835   18      13.8626      85.3042      hIoni
0.75203   19      13.983      74.236      hIoni
0.761571   20      14.0786      64.3365      hIoni
0.769703   21      14.1562      55.2308      hIoni
0.776602   22      14.2174      47.4339      hIoni
0.782499   23      14.2657      40.6941      hIoni
0.787586   24      14.3026      33.954      hIoni
0.791923   25      14.3317      28.4052      hIoni
0.795695   26      14.3541      23.1064      hIoni
0.798978   27      14.371      18.5011      hIoni
0.801889   28      14.385      14.1054      hIoni
0.804499   29      14.3954      9.71667      hIoni
0.806859   30      14.3968      5.39809      hIoni
0.808812   31      14.3989      0.621684      hIoni
