0.0168374   2      -0.6      600      hIoni
0.144312   3      2.42838      518.271      hIoni
0.250454   4      4.86368      445.953      hadElastic
0.329247   5      6.59808      390.304      hIoni
0.403443   6      8.16117      339.344      hIoni
0.465546   7      9.40452      296.452      hIoni
0.517828   8      10.3955      258.26      hadElastic
0.523163   9      10.4919      254.259      hIoni
0.566166   10      11.2599      222.065      hIoni
0.602383   11      11.8639      194.781      protonInelastic
0.0168374   2      -0.6      600      hIoni
0.144312   3      2.42838      518.286      hadElastic
0.205512   4      3.82699      478.053      hIoni
0.3014   5      5.96725      413.403      hIoni
0.381208   6      7.66013      360.284      hIoni
0.44823   7      9.01534      309.97      hIoni
0.503567   8      10.0646      269.927      hIoni
0.549968   9      10.9126      235.704      hIoni
0.589026   10      11.5895      205.333      hIoni
0.621829   11      12.1293      179.853      hadElastic
0.629179   12      12.2436      173.908      protonInelastic
0.0168374   2      -0.6      600      hIoni
0.144312   3      2.42837      518.811      hIoni
0.250592   4      4.8665      448.781      hIoni
0.339135   5      6.81845      389.023      hIoni
0.413023   6      8.38389      338.517      hIoni
0.474933   7      9.64145      293.153      hadElastic
0.491237   8      9.95572      281.474      protonInelastic
0.0168374   2      -0.6      600      hIoni
0.144312   3      2.42838      516.329      protonInelastic
0.0168374   2      -0.6      599.999      hadElastic
0.0910266   3      1.16249      550.153      hIoni
0.205416   4      3.82602      474.013      hIoni
0.300284   5      5.94385      407.838      hIoni
0.378734   6      7.59638      353.713      hIoni
0.444204   7      8.82673      305.464      hIoni
0.498519   8      9.80301      267.211      hIoni
0.544326   9      10.6047      233.705      hadElastic
0.545149   10      10.6181      233.202      hIoni
0.583683   11      11.2548      203.955      hIoni
0.616209   12      11.7625      178.738      hIoni
0.643757   13      12.1829      156.99      hIoni
0.667182   14      12.525      137.067      hIoni
0.686979   15      12.8075      120.166      hIoni
0.703827   16      13.0325      104.028      hIoni
0.717981   17      13.213      90.9943      hIoni
0.730054   18      13.3578      79.3896      hIoni
0.740356   19      13.4765      69.4681      hIoni
0.74921   20      13.5715      60.7533      hIoni
0.756849   21      13.6475      52.5889      hIoni
0.763402   22      13.7081      45.4859      hIoni
0.769059   23      13.756      38.4822      hIoni
0.773893   24      13.7936      32.3448      hIoni
0.778061   25      13.8231      26.7523      hIoni
0.781674   26      13.8467      21.7557      hIoni
0.784843   27      13.8654      17.196      hIoni
0.787659   28      13.8797      12.7034      hIoni
0.790185   29      13.8902      8.60142      hIoni
0.792478   30      13.8973      4.04132      hIoni
