0.0168374   2      -0.6      599.999      protonInelastic
0.0168374   2      -0.6      599.999      hadElastic
0.0499749   3      0.187239      578.354      hIoni
0.17174   4      3.05142      499.533      hIoni
0.273083   5      5.33049      429.922      protonInelastic
0.0168374   3      -0.6      599.998      protonInelastic
0.0168374   2      -0.6      599.999      hIoni
0.144312   3      2.42838      515.056      hIoni
0.249628   4      4.81618      445.875      hIoni
0.337447   5      6.73096      386.039      hadElastic
0.362482   6      7.25468      368.27      hIoni
0.431398   7      8.68035      319.656      hIoni
0.488949   8      9.8176      277.715      hIoni
0.537059   9      10.7195      242.454      hIoni
0.577543   10      11.4335      211.445      hIoni
0.611583   11      11.9861      184.169      hIoni
0.640187   12      12.4391      160.203      hIoni
0.66421   13      12.7886      140.094      hIoni
0.684549   14      13.0633      121.489      hIoni
0.701623   15      13.2758      105.643      hIoni
0.71604   16      13.4396      92.2311      hIoni
0.728307   17      13.5655      79.97      hIoni
0.738696   18      13.6629      69.9916      hIoni
0.747625   19      13.7422      60.562      hIoni
0.755238   20      13.8061      52.0314      hIoni
0.761718   21      13.8553      44.5702      hIoni
0.767265   22      13.8954      38.4252      hIoni
0.772092   23      13.9295      32.3743      hIoni
0.776263   24      13.9568      26.7422      hIoni
0.779875   25      13.979      21.7457      hIoni
0.783043   26      13.9957      17.0548      hIoni
0.785849   27      14.0085      12.8529      hIoni
0.788384   28      14.0177      8.6519      hIoni
0.79068   29      14.0249      4.22232      hIoni
0.0168374   2      -0.6      600      protonInelastic
