0.0168374   2      -0.6      600      hIoni
0.144312   3      2.42838      517.452      hIoni
0.250243   4      4.85198      446.122      hIoni
0.338124   5      6.76521      386.357      hIoni
0.411369   6      8.29064      337.231      hIoni
0.47298   7      9.51698      294.324      hIoni
0.524784   8      10.5024      255.122      hIoni
0.567973   9      11.29      221.714      hadElastic
0.591344   10      11.6977      204.478      hIoni
0.623975   11      12.24      179.138      hIoni
0.651601   12      12.6776      156.944      hIoni
0.675017   13      13.0313      136.833      hIoni
0.694773   14      13.3134      118.859      hIoni
0.711398   15      13.5369      104.882      hIoni
0.725691   16      13.7163      91.265      hIoni
0.737806   17      13.8603      78.6677      hadElastic
0.739279   18      13.8766      77.4287      hIoni
0.749289   19      13.991      66.8379      hIoni
0.757771   20      14.0819      57.2861      hIoni
0.764942   21      14.1538      49.6902      hIoni
0.771123   22      14.2118      42.4963      hIoni
0.776421   23      14.2578      36.3807      hIoni
0.781021   24      14.2948      30.6852      hIoni
0.785019   25      14.3245      25.5504      hIoni
0.78852   26      14.3482      20.5388      hIoni
0.791589   27      14.3669      16.0278      hIoni
0.794324   28      14.3815      11.7336      hIoni
0.796795   29      14.3926      7.60878      hIoni
0.799019   30      14.4006      3.11069      hIoni
0.0168374   2      -0.6      600      protonInelastic
0.0168374   2      -0.6      599.999      protonInelastic
0.0168374   2      -0.6      599.999      hIoni
0.144312   3      2.42837      515.361      hadElastic
0.160127   4      2.78871      505.514      hIoni
0.262998   5      5.11612      434.659      hadElastic
0.343645   6      6.86574      380.622      hIoni
0.415512   7      8.34712      329.068      protonInelastic
0.0168374   2      -0.6      599.999      protonInelastic
