0.0168374   2      -0.6      600      protonInelastic
0.0168374   2      -0.6      600      hadElastic
0.129237   3      2.07025      529.313      hIoni
0.238224   4      4.54559      459.524      hadElastic
0.316847   5      6.25584      404.062      hIoni
0.394376   6      7.83398      348.945      hIoni
0.458725   7      9.11051      302.981      hIoni
0.512478   8      10.1342      261.65      hIoni
0.557077   9      10.9309      227.576      hIoni
0.594436   10      11.5423      199.489      hIoni
0.626066   11      12.0349      175.041      hIoni
0.652902   12      12.4204      151.858      hIoni
0.675377   13      12.7084      133.346      hIoni
0.694515   14      12.9299      116.803      hIoni
0.710791   15      13.1189      102.178      hIoni
0.724644   16      13.2716      88.6494      hIoni
0.736353   17      13.3921      77.1395      hIoni
0.746321   18      13.4939      66.9559      hIoni
0.754819   19      13.573      58.2072      hIoni
0.762114   20      13.6327      50.3214      hIoni
0.768375   21      13.683      43.1145      hIoni
0.773747   22      13.7248      37.322      hIoni
0.77845   23      13.7552      31.7921      hIoni
0.782561   24      13.7768      26.4449      hIoni
0.786146   25      13.7934      21.6806      hIoni
0.789308   26      13.8067      17.0895      hIoni
0.792116   27      13.8166      12.7993      hIoni
0.794648   28      13.8242      8.45221      hIoni
0.796932   29      13.8291      3.98005      hIoni
0.0168374   2      -0.6      600      hadElastic
0.0800842   3      0.902536      560.259      hIoni
0.197108   4      3.61795      488.127      hIoni
0.295548   5      5.7845      420.676      hIoni
0.377138   6      7.51741      363.852      hadElastic
0.440707   7      8.80918      319.871      hIoni
0.498306   8      9.90065      277.754      hIoni
0.546426   9      10.7782      240.253      hIoni
0.586443   10      11.4673      211.036      hIoni
0.620401   11      12.0244      183.545      hIoni
0.648883   12      12.4565      159.896      hIoni
0.672849   13      12.8106      139.039      hIoni
0.692998   14      13.0859      121.925      hIoni
0.710148   15      13.2988      105.267      hIoni
0.724504   16      13.4597      92.1534      hIoni
0.736758   17      13.5921      79.4797      hIoni
0.747073   18      13.7046      68.893      hIoni
0.755846   19      13.7941      59.5995      hIoni
0.763328   20      13.8634      51.1559      hIoni
0.769696   21      13.9165      44.1603      hIoni
0.775193   22      13.958      37.7752      hIoni
0.779947   23      13.992      31.7719      hIoni
0.784056   24      14.0193      26.5109      hIoni
0.787646   25      14.0403      21.8698      hIoni
0.790825   26      14.058      17.3509      hIoni
0.793651   27      14.0718      13.0041      hIoni
0.796195   28      14.0831      8.80077      hIoni
0.798501   29      14.0906      4.44194      hIoni
0.0168374   2      -0.6      599.999      protonInelastic
0.0168374   2      -0.6      599.999      hadElastic
0.073671   3      0.75018      563.314      hIoni
0.191493   4      3.40993      482.91      hIoni
0.288611   5      5.54899      415.504      hIoni
0.368933   6      7.22927      357.892      hIoni
0.435389   7      8.5619      310.527      hadElastic
0.447546   8      8.80149      302.158      hadElastic
0.474006   9      9.29733      284.33      hadElastic
0.48522   10      9.50241      275.977      hIoni
0.532948   11      10.3921      240.765      hIoni
0.573074   12      11.0864      210.94      hIoni
0.607012   13      11.6029      184.9      hIoni
0.635759   14      12.0122      161.499      hIoni
0.660024   15      12.3401      141.765      hadElastic
0.675904   16      12.5393      127.419      hIoni
0.694002   17      12.7554      111.819      hIoni
0.709441   18      12.9221      97.6947      hIoni
0.722572   19      13.0498      84.1256      hIoni
0.733587   20      13.1463      73.2408      hIoni
0.742984   21      13.2271      63.2094      hIoni
0.75096   22      13.2875      55.1129      hIoni
0.757843   23      13.3378      47.4324      hIoni
0.763741   24      13.3786      40.191      hIoni
0.768769   25      13.4109      34.4169      hIoni
0.773156   26      13.4356      28.7965      hIoni
0.776965   27      13.4555      23.8561      hIoni
0.780314   28      13.4716      19.2165      hIoni
0.78328   29      13.4841      14.6926      hIoni
0.785927   30      13.4923      10.1897      hIoni
0.788312   31      13.4974      5.86254      hIoni
0.790343   32      13.5007      1.11085      hIoni
