0.0168374   2      -0.6      600      hadElastic
0.100349   3      1.38397      544.355      hadElastic
0.143798   4      2.38514      515.287      protonInelastic
0.0168374   2      -0.6      599.999      hIoni
0.144312   3      2.42837      517.904      hIoni
0.250359   4      4.85459      443.645      hIoni
0.337624   5      6.76923      381.677      hadElastic
0.356774   6      7.17154      367.122      hIoni
0.425418   7      8.588      316.964      hIoni
0.482351   8      9.71586      275.31      hIoni
0.529932   9      10.6012      237.711      hIoni
0.569413   10      11.3088      206.761      hIoni
0.602505   11      11.8684      180.238      hIoni
0.630344   12      12.3026      156.994      hadElastic
0.644547   13      12.5135      145.495      hIoni
0.665859   14      12.8231      126.709      hIoni
0.683835   15      13.0703      110.969      hadElastic
0.691776   16      13.1752      103.057      hIoni
0.705771   17      13.3568      89.9171      hIoni
0.717677   18      13.5026      77.8586      hIoni
0.727751   19      13.6181      67.2905      hIoni
0.736297   20      13.7101      58.1575      hIoni
0.743585   21      13.7835      49.7489      hIoni
0.749773   22      13.8416      42.8859      hIoni
0.755117   23      13.8879      35.9922      hIoni
0.759674   24      13.9243      30.5766      hIoni
0.763661   25      13.9538      25.2294      hIoni
0.767133   26      13.9771      20.7442      hIoni
0.770219   27      13.9953      16.2387      hIoni
0.772968   28      14.01      12.0492      hIoni
0.775457   29      14.0214      7.60021      hIoni
0.77768   30      14.0291      3.05873      hIoni
0.0168374   3      -0.6      599.998      hIoni
0.144312   4      2.42837      512.104      protonInelastic
0.0168374   2      -0.6      600      hadElastic
0.128374   3      2.04974      524.079      protonInelastic
0.0168374   2      -0.6      599.999      hIoni
0.144312   3      2.42837      516.173      hadElastic
0.243549   4      4.68316      445.528      hIoni
0.331282   5      6.57671      385.298      hIoni
0.404273   6      8.09477      334.436      hIoni
0.465234   7      9.31076      292.516      hIoni
0.516633   8      10.2925      252.4      hIoni
0.559237   9      11.0633      218.895      hIoni
0.594801   10      11.6709      191.35      hIoni
0.624814   11      12.1582      166.193      hIoni
0.649964   12      12.5528      146.749      hIoni
0.671505   13      12.876      128.813      hIoni
0.689846   14      13.1368      111.469      hIoni
0.705226   15      13.3435      96.2596      hIoni
0.718129   16      13.5063      84.6652      hIoni
0.729226   17      13.6387      73.6114      hIoni
0.738677   18      13.7446      64.0269      hIoni
0.746766   19      13.8297      55.1893      hIoni
0.753659   20      13.8969      47.247      hIoni
0.759534   21      13.9507      40.8496      hIoni
0.764638   22      13.9944      34.7593      hIoni
0.769062   23      14.0294      29.1766      hIoni
0.772909   24      14.0575      23.8976      hIoni
0.776261   25      14.0795      19.4399      hIoni
0.779244   26      14.0974      15.1084      hIoni
0.781918   27      14.0928      10.5025      hIoni
0.784321   28      14.0889      6.27219      hIoni
0.786411   29      14.0861      1.59627      hIoni
