0.0168374   2      -0.6      600      hIoni
0.144312   3      2.42838      513.259      hIoni
0.249166   4      4.82383      445.86      hIoni
0.336982   5      6.75858      387.066      hIoni
0.410398   6      8.31343      335.866      hIoni
0.471691   7      9.55239      292.164      hIoni
0.523012   8      10.5469      254.615      hIoni
0.566091   9      11.3436      222.211      hIoni
0.602338   10      11.9811      194.668      hIoni
0.633008   11      12.4962      169.031      hIoni
0.658696   12      12.9048      148.344      hIoni
0.680527   13      13.2328      129.564      hIoni
0.699   14      13.4945      113.347      hIoni
0.714695   15      13.702      98.4169      hIoni
0.727942   16      13.8663      85.4968      hIoni
0.739166   17      13.9963      74.2962      hIoni
0.748716   18      14.1014      64.399      hIoni
0.756857   19      14.1863      56.0058      hIoni
0.763858   20      14.2549      47.7894      hIoni
0.7698   21      14.3092      40.8805      hIoni
0.774908   22      14.3526      34.8638      hIoni
0.779342   23      14.3876      29.2097      hIoni
0.783193   24      14.4157      24.2438      hIoni
0.786576   25      14.4382      19.3307      hIoni
0.78955   26      14.4557      14.9344      hIoni
0.792213   27      14.4697      10.7501      hIoni
0.794629   28      14.4805      6.41541      hIoni
0.796739   29      14.4878      1.82539      hIoni
0.0168374   2      -0.6      599.998      hIoni
0.144312   3      2.42837      517.493      hIoni
0.250253   4      4.8554      444.516      hIoni
0.337734   5      6.77617      387.304      hIoni
0.411207   6      8.33164      337.398      hadElastic
0.434006   7      8.79432      321.244      hIoni
0.49192   8      9.94418      281.087      hIoni
0.540776   9      10.8778      244.658      hIoni
0.581727   10      11.6237      213.634      hIoni
0.616214   11      12.2226      184.747      hIoni
0.644931   12      12.6899      160.538      hIoni
0.669016   13      13.0605      140.613      hIoni
0.689448   14      13.3612      123.023      hIoni
0.706786   15      13.6009      107.568      hIoni
0.721519   16      13.795      93.2837      hIoni
0.733952   17      13.9496      81.1519      hIoni
0.744517   18      14.0735      70.9552      hIoni
0.753584   19      14.1734      61.4088      hIoni
0.761312   20      14.2532      52.6757      hIoni
0.767877   21      14.3164      44.8226      hIoni
0.773453   22      14.3661      38.0405      hIoni
0.778237   23      14.4056      32.0804      hIoni
0.782378   24      14.4365      26.7087      hIoni
0.785987   25      14.4609      21.664      hIoni
0.789148   26      14.4802      17.3791      hIoni
0.791977   27      14.496      12.8173      hIoni
0.79451   28      14.5081      8.48623      hIoni
0.796796   29      14.5171      4.11001      hIoni
0.0168374   2      -0.6      600      protonInelastic
0.0168374   2      -0.6      600      hadElastic
0.0479715   3      0.139644      581.541      hIoni
0.170575   4      3.02984      502.915      hIoni
0.272781   5      5.34158      433.144      hadElastic
0.292581   6      5.7721      420.097      hIoni
0.374029   7      7.50548      363.467      hadElastic
0.379042   8      7.60683      360.237      hadElastic
0.406522   9      8.15444      340.822      hIoni
0.468969   10      9.35152      296.319      hIoni
0.521221   11      10.3106      257.725      hIoni
0.564971   12      11.0757      225.203      hIoni
0.601837   13      11.6719      196.346      protonInelastic
0.0168374   2      -0.6      599.999      protonInelastic
