0.0168374   2      -0.6      599.998      hIoni
0.144312   3      2.42837      515.216      hIoni
0.249668   4      4.82868      441.734      hIoni
0.336458   5      6.73181      383.056      hIoni
0.40891   6      8.25322      331.671      hIoni
0.46923   7      9.46347      289.615      hIoni
0.51998   8      10.432      255.043      hIoni
0.563152   9      11.2156      222.671      hIoni
0.599495   10      11.8447      193.963      hIoni
0.630025   11      12.3516      168.63      hIoni
0.655636   12      12.7516      148.554      hIoni
0.677506   13      13.0708      129.768      hIoni
0.696014   14      13.33      112.587      hIoni
0.711581   15      13.5372      98.1759      hIoni
0.72479   16      13.6994      85.9215      hIoni
0.736079   17      13.8304      74.6616      hIoni
0.745683   18      13.9367      64.8771      hIoni
0.75389   19      14.0192      56.2547      hIoni
0.760924   20      14.0865      48.0047      hIoni
0.766892   21      14.1326      41.2328      hIoni
0.772042   22      14.1698      35.147      hIoni
0.776507   23      14.2      29.2825      hIoni
0.780365   24      14.2224      24.2907      hIoni
0.783752   25      14.2412      19.564      hIoni
0.786744   26      14.2559      14.9997      hIoni
0.789411   27      14.2669      10.6355      hIoni
0.791821   28      14.2758      6.37062      hIoni
0.793925   29      14.2825      1.78411      hIoni
0.0168374   2      -0.6      600      protonInelastic
0.0168374   3      -0.6      599.998      hIoni
0.144312   4      2.42837      516.152      protonInelastic
0.0168374   2      -0.6      599.999      protonInelastic
0.0168374   4      -0.6      599.996      protonInelastic
