0.0168374   2      -0.6      599.999      hadElastic
0.0634749   3      0.507953      569.495      hIoni
0.182915   4      3.31124      495.485      hIoni
0.283226   5      5.58596      425.467      protonInelastic
0.0168374   2      -0.6      600      hIoni
0.144312   3      2.42838      520.68      protonInelastic
0.0168374   2      -0.6      600      hIoni
0.144312   3      2.42838      519.427      hadElastic
0.188005   4      3.4304      492.029      hIoni
0.287437   5      5.67056      429.332      hIoni
0.371157   6      7.48286      373.889      hIoni
0.441413   7      8.93791      321.86      protonInelastic
0.0168374   2      -0.6      599.998      protonInelastic
0.0168374   2      -0.6      600      hIoni
0.144312   3      2.42838      521.159      hIoni
0.251196   4      4.88146      451.155      hadElastic
0.291887   5      5.77939      424.029      hIoni
0.374301   6      7.5601      366.379      hIoni
0.442768   7      8.97912      318.509      protonInelastic
