0.0168374   2      -0.6      599.999      protonInelastic
0.0168374   2      -0.6      599.999      hadElastic
0.0601773   3      0.429614      569.964      hadElastic
0.142696   4      2.35896      515.825      hIoni
0.248209   5      4.74563      444.838      hIoni
0.33577   6      6.63786      381.516      hIoni
0.407852   7      8.09814      334.412      hIoni
0.468808   8      9.28568      290.022      hIoni
0.519649   9      10.2317      252.909      hIoni
0.562362   10      10.9774      220.33      hIoni
0.598222   11      11.5774      192.731      hIoni
0.628508   12      12.0615      168.679      hIoni
0.654128   13      12.4539      147.683      protonInelastic
0.0168374   2      -0.6      599.998      hIoni
0.144312   3      2.42836      515.639      hIoni
0.249777   4      4.83515      447.62      hadElastic
0.260316   5      5.06603      441.133      hIoni
0.346956   6      6.92743      380.158      hIoni
0.418712   7      8.38499      329.384      hIoni
0.478503   8      9.50291      287.147      hIoni
0.528704   9      10.3819      249.067      hIoni
0.570594   10      11.0823      218.026      hIoni
0.60598   11      11.6701      190.955      hIoni
0.635915   12      12.1476      166.337      hIoni
0.661092   13      12.5206      145.969      hIoni
0.682491   14      12.8204      125.545      hIoni
0.700264   15      13.0488      110.025      hIoni
0.715404   16      13.2315      96.022      hIoni
0.728269   17      13.3704      83.3839      hadElastic
0.737102   18      13.4566      74.8939      hIoni
0.74674   19      13.528      65.7231      hIoni
0.755065   20      13.593      56.4384      hIoni
0.762123   21      13.6462      48.967      hIoni
0.768213   22      13.6885      42.4003      hIoni
0.7735   23      13.7227      36.3382      hIoni
0.778094   24      13.7518      30.5035      hIoni
0.782074   25      13.7767      25.6096      hIoni
0.785581   26      13.7974      20.6605      hIoni
0.78866   27      13.8132      16.1952      hIoni
0.791406   28      13.8256      11.9414      hIoni
0.793889   29      13.8352      7.5471      hIoni
0.796108   30      13.8431      3.00799      hIoni
0.0168374   2      -0.6      600      protonInelastic
0.0168374   3      -0.6      599.997      hadElastic
0.025793   4      -0.387243      595.016      hIoni
0.151949   5      2.60389      515.942      hIoni
0.257493   6      5.01854      447.041      hadElastic
0.291479   7      5.76619      426.862      hadElastic
0.318375   8      6.35179      408.416      hIoni
0.396965   9      8.03928      353.133      hIoni
0.462299   10      9.38291      305.592      hIoni
0.516643   11      10.4473      266.919      hIoni
0.562386   12      11.306      235.886      hIoni
0.601483   13      11.9971      204.997      hIoni
0.634219   14      12.5428      179.07      hIoni
0.661832   15      12.9652      156.574      hIoni
0.685178   16      13.2989      135.268      hIoni
0.704656   17      13.5722      117.92      hIoni
0.721122   18      13.7878      103.062      protonInelastic
