0.0168374   2      -0.6      599.999      hIoni
0.144312   3      2.42837      515.087      hadElastic
0.173519   4      3.09359      496.403      hIoni
0.274064   5      5.32457      431.13      hadElastic
0.286659   6      5.58799      422.992      hIoni
0.368818   7      7.29265      371.168      hIoni
0.438425   8      8.68437      322.616      hIoni
0.496655   9      9.79003      280.189      hIoni
0.545312   10      10.6644      243.86      hadElastic
0.57492   11      11.1648      220.058      hIoni
0.610723   12      11.7089      191.277      hIoni
0.640722   13      12.1669      166.409      hIoni
0.665912   14      12.5306      146.291      hIoni
0.68737   15      12.8266      128.45      hIoni
0.705648   16      13.0589      111.11      hIoni
0.720969   17      13.2493      97.1206      hIoni
0.734008   18      13.4036      84.797      hIoni
0.745126   19      13.52      73.9607      hIoni
0.754627   20      13.612      64.6302      hIoni
0.7628   21      13.6847      55.9838      hIoni
0.769798   22      13.7383      47.818      hIoni
0.775744   23      13.7797      40.6318      hIoni
0.780823   24      13.8132      34.5499      hIoni
0.785224   25      13.8384      28.5502      hIoni
0.78901   26      13.8576      23.6545      hIoni
0.792341   27      13.8732      18.9467      hIoni
0.795285   28      13.8856      14.3134      hIoni
0.797909   29      13.8955      9.76165      hIoni
0.80027   30      13.9038      5.3861      hIoni
0.802221   31      13.909      0.588806      hIoni
0.0168374   2      -0.6      600      hIoni
0.144312   3      2.42838      512.461      hIoni
0.248962   4      4.82187      444.612      hadElastic
0.324895   5      6.48589      392.932      hIoni
0.399726   6      8.04234      340.168      protonInelastic
0.0168374   2      -0.6      599.999      hIoni
0.144312   3      2.42838      513.194      hIoni
0.24915   4      4.82737      441.653      hIoni
0.335919   5      6.72939      383.81      hIoni
0.408552   6      8.2526      333.767      hIoni
0.469358   7      9.47132      290.221      hIoni
0.520244   8      10.4514      253.461      hIoni
0.563076   9      11.2413      219.625      hIoni
0.59879   10      11.8678      191.776      hIoni
0.628888   11      12.3402      167.522      hadElastic
0.645724   12      12.5944      153.525      hIoni
0.668506   13      12.9143      134.439      hIoni
0.687837   14      13.1706      117.251      hIoni
0.704189   15      13.3824      102.75      hIoni
0.718135   16      13.5582      89.8119      hIoni
0.730024   17      13.7015      78.9704      hIoni
0.740264   18      13.8191      69.1273      hIoni
0.749069   19      13.9146      59.842      hIoni
0.756584   20      13.991      51.3787      hIoni
0.762981   21      14.051      43.7497      hIoni
0.768428   22      14.0975      37.4275      hIoni
0.773144   23      14.1358      31.663      hIoni
0.777241   24      14.1666      26.3297      hadElastic
0.777541   25      14.1687      26.0041      hIoni
0.781084   26      14.1932      21.1704      hIoni
0.784204   27      14.2125      16.5967      hIoni
0.786978   28      14.2278      12.4387      hIoni
0.789489   29      14.2399      8.34879      hIoni
0.791766   30      14.2487      4.07763      hIoni
0.0168374   2      -0.6      600      hIoni
0.144312   3      2.42839      521.857      hIoni
0.251376   4      4.87877      450.02      hadElastic
0.267339   5      5.22755      439.676      hIoni
0.353618   6      7.11832      380.594      hIoni
0.425478   7      8.63085      331.163      hadElastic
0.447466   8      9.07435      316.184      hIoni
0.504221   9      10.1992      278.36      hIoni
0.552474   10      11.1158      242.519      hIoni
0.592971   11      11.8345      211.812      protonInelastic
0.0168374   2      -0.6      600      hIoni
0.144312   3      2.42838      512.158      hIoni
0.248884   4      4.75633      443.323      protonInelastic
