0.0168374   2      -0.6      599.999      hIoni
0.144312   3      2.42837      513.803      hadElastic
0.167911   4      2.96823      497.274      hIoni
0.268677   5      5.24846      432.052      hIoni
0.353069   6      7.07191      378.353      hIoni
0.424393   7      8.52167      331.93      protonInelastic
0.0168374   2      -0.6      600      hIoni
0.144312   3      2.42837      515.929      hIoni
0.249852   4      4.84711      447.012      hadElastic
0.278559   5      5.48038      427.115      hIoni
0.361732   6      7.28703      368.386      hIoni
0.430676   7      8.72445      320.22      hIoni
0.488356   8      9.86885      278.21      hIoni
0.536576   9      10.786      240.415      hIoni
0.576628   10      11.5103      207.053      hIoni
0.609778   11      12.0755      182.324      hadElastic
0.623934   12      12.3062      170.634      hIoni
0.649927   13      12.7141      148.291      hadElastic
0.661247   14      12.881      139.251      protonInelastic
0.0168374   2      -0.6      599.999      hIoni
0.144312   3      2.42838      513.785      hIoni
0.249301   4      4.82921      440.804      hIoni
0.33586   5      6.73013      380.05      hIoni
0.40759   6      8.22954      327.111      hIoni
0.466856   7      9.40868      281.852      hIoni
0.515881   8      10.3443      245.455      hIoni
0.557001   9      11.0927      214.08      hIoni
0.59158   10      11.6875      185.373      hIoni
0.620419   11      12.1544      162.166      hIoni
0.644809   12      12.529      141.069      hIoni
0.665323   13      12.8233      123.347      protonInelastic
0.0168374   2      -0.6      600      hadElastic
0.0563193   3      0.337962      572.608      hIoni
0.176576   4      3.15273      494.219      hIoni
0.276564   5      5.41508      428.049      hIoni
0.359968   6      7.22531      370.315      hIoni
0.429372   7      8.66925      321.814      hIoni
0.487417   8      9.82329      282.161      hIoni
0.536511   9      10.7615      246.233      hIoni
0.577797   10      11.5115      215.955      hIoni
0.612758   11      12.114      188.749      hIoni
0.642259   12      12.602      164.046      hIoni
0.667003   13      12.9851      144.401      hIoni
0.688118   14      13.2963      125.745      hIoni
0.705926   15      13.5446      109.208      hIoni
0.720931   16      13.7425      94.9939      hIoni
0.733633   17      13.9015      82.7541      hIoni
0.74444   18      14.0278      72.5524      hIoni
0.753737   19      14.1311      63.3897      hIoni
0.761738   20      14.215      55.2524      hIoni
0.768639   21      14.283      48.0968      hIoni
0.774619   22      14.3379      41.3762      hIoni
0.779785   23      14.3795      35.0824      hIoni
0.784243   24      14.4109      29.1201      hIoni
0.788085   25      14.4368      24.0929      hIoni
0.791455   26      14.4583      19.5732      hIoni
0.794448   27      14.4756      15.174      hIoni
0.797126   28      14.4894      10.7715      hIoni
0.799544   29      14.5002      6.47278      hIoni
0.80166   30      14.5076      1.8154      hIoni
0.0168374   2      -0.6      600      hIoni
0.144312   3      2.42838      519.708      hIoni
0.250823   4      4.8661      452.763      hIoni
0.340359   5      6.84709      390.104      hIoni
0.414507   6      8.41993      339.03      protonInelastic
