0.0168374   2      -0.6      599.999      hIoni
0.144312   3      2.42837      519.135      protonInelastic
0.0168374   2      -0.6      599.998      hadElastic
0.0405878   3      -0.0357693      583.414      hIoni
0.163684   4      2.86644      502.086      hIoni
0.265678   5      5.17872      433.682      hIoni
0.350473   6      7.02515      373.897      hIoni
0.420731   7      8.49651      323.746      hIoni
0.479221   8      9.66694      282.303      hIoni
0.528346   9      10.6003      244.895      hIoni
0.569347   10      11.3454      212.211      hIoni
0.603544   11      11.9373      185.696      hIoni
0.632446   12      12.4117      163.091      hIoni
0.657011   13      12.7933      142.294      hIoni
0.677744   14      13.1004      124.664      hIoni
0.695365   15      13.3482      108.788      hIoni
0.7103   16      13.5444      95.0704      hIoni
0.723014   17      13.7032      82.3385      hIoni
0.733759   18      13.8298      71.6761      hIoni
0.74293   19      13.9308      62.3962      hIoni
0.750793   20      14.012      54.0289      hIoni
0.757534   21      14.0773      46.7746      hIoni
0.76335   22      14.13      39.8632      hIoni
0.76834   23      14.1721      33.8238      hIoni
0.772664   24      14.2057      28.5365      hIoni
0.776448   25      14.233      23.3511      hIoni
0.779753   26      14.2543      18.6415      hIoni
0.782674   27      14.2712      14.251      hIoni
0.785294   28      14.2846      9.73997      hIoni
0.787654   29      14.2945      5.55144      hIoni
0.789633   30      14.3005      0.936916      hIoni
0.0168374   2      -0.6      599.999      protonInelastic
0.0168374   2      -0.6      599.999      hIoni
0.144312   3      2.42838      519.495      hIoni
0.250768   4      4.86385      448.658      hadElastic
0.294135   5      5.81643      418.958      hadElastic
0.372753   6      7.5007      364.406      hIoni
0.440751   7      8.88005      317.087      hIoni
0.497713   8      9.99282      273.265      hIoni
0.544844   9      10.875      239.266      hIoni
0.584653   10      11.5897      208.658      hIoni
0.618128   11      12.1572      181.586      hIoni
0.646229   12      12.6032      158.933      hIoni
0.670015   13      12.9593      137.346      hIoni
0.689862   14      13.2424      120.067      hIoni
0.706694   15      13.463      104.564      hIoni
0.720935   16      13.6386      90.3934      hIoni
0.732914   17      13.7729      78.6039      hIoni
0.743099   18      13.8768      68.0234      hIoni
0.751748   19      13.9603      58.7647      hIoni
0.759118   20      14.0274      50.5797      hIoni
0.765412   21      14.0815      43.1774      hIoni
0.770791   22      14.124      36.7292      hIoni
0.775429   23      14.1563      30.909      hadElastic
0.778418   24      14.1759      26.9026      hIoni
0.782046   25      14.1961      22.2549      hIoni
0.785256   26      14.2123      17.5711      hIoni
0.788099   27      14.2242      13.2511      hIoni
0.790658   28      14.2339      8.83602      hIoni
0.792965   29      14.2403      4.29937      hIoni
0.0168374   2      -0.6      600      hadElastic
0.0689799   3      0.638735      566.04      hIoni
0.187515   4      3.41506      484.441      hIoni
0.285021   5      5.60988      418.454      protonInelastic
