0.0168374   2      -0.6      599.998      protonInelastic
0.0168374   2      -0.6      600      hIoni
0.144312   3      2.42838      517.376      hIoni
0.250224   4      4.84711      450.245      hIoni
0.339131   5      6.80071      393.584      protonInelastic
0.0168374   2      -0.6      600      hIoni
0.144312   3      2.42836      519.5      hIoni
0.25077   4      4.8612      448.236      hIoni
0.339177   5      6.80793      387.912      hIoni
0.412796   6      8.36747      339.274      hadElastic
0.428417   7      8.68475      328.203      hIoni
0.487935   8      9.8382      287.243      hIoni
0.538157   9      10.742      249.659      hIoni
0.580174   10      11.4901      216.275      hIoni
0.615201   11      12.0906      189.908      hIoni
0.64493   12      12.5789      164.164      hIoni
0.669696   13      12.9598      143.014      hIoni
0.69056   14      13.2674      124.175      hIoni
0.708096   15      13.5121      108.85      hIoni
0.723041   16      13.7103      95.8797      hIoni
0.735884   17      13.8709      82.5802      hIoni
0.746665   18      13.9972      71.6945      hIoni
0.755838   19      14.098      61.833      hIoni
0.763624   20      14.178      53.8936      hIoni
0.770347   21      14.2408      46.5388      hIoni
0.776134   22      14.2896      39.4062      hIoni
0.781072   23      14.3303      33.1051      hIoni
0.78532   24      14.3622      27.6154      hIoni
0.789015   25      14.3861      22.1968      hIoni
0.792221   26      14.4046      17.7942      hIoni
0.79508   27      14.4185      13.4375      hIoni
0.797649   28      14.4297      9.05037      hIoni
0.79997   29      14.4381      4.81014      hIoni
0.801791   30      14.4426      0.103861      hIoni
0.0168374   2      -0.6      600      hIoni
0.144312   3      2.42838      516.69      hIoni
0.250047   4      4.8515      451.914      protonInelastic
0.0168374   2      -0.6      599.999      hIoni
0.144312   3      2.42838      518.948      hadElastic
0.158283   4      2.74794      509.677      hIoni
0.262219   5      5.11985      439.158      hIoni
0.348369   6      7.00684      381.681      hIoni
0.420491   7      8.51715      334.087      hIoni
0.481371   8      9.73303      289.789      protonInelastic
