0.0168374   2      -0.6      599.999      hIoni
0.144312   3      2.42838      516.09      hIoni
0.249893   4      4.84653      439.058      hIoni
0.336019   5      6.73789      381.646      hIoni
0.408132   6      8.25686      330.699      hIoni
0.468227   7      9.46707      288.066      hIoni
0.518632   8      10.438      249.834      hIoni
0.560687   9      11.211      216.199      hIoni
0.595698   10      11.8213      188.471      hIoni
0.625144   11      12.3083      164.197      hIoni
0.649917   12      12.697      143.195      hIoni
0.670813   13      13.0077      125.904      hIoni
0.688649   14      13.2594      109.531      hIoni
0.703707   15      13.46      95.7714      hIoni
0.716532   16      13.6086      83.457      hIoni
0.727446   17      13.7285      71.9663      hIoni
0.736658   18      13.8217      62.0457      hIoni
0.744474   19      13.8959      53.4702      hIoni
0.751141   20      13.9545      46.4102      hIoni
0.756912   21      14.0031      39.8714      hIoni
0.761904   22      14.0439      33.9599      hIoni
0.766242   23      14.076      28.6308      hIoni
0.770035   24      14.1014      23.3953      hIoni
0.773344   25      14.1217      18.8015      hIoni
0.776278   26      14.1372      14.4613      hIoni
0.77891   27      14.1484      10.1724      hIoni
0.781295   28      14.1577      5.92116      hIoni
0.783334   29      14.1636      1.14755      hIoni
0.0168374   2      -0.6      600      hIoni
0.144312   3      2.42838      520.763      hIoni
0.251095   4      4.8723      448.71      hIoni
0.339619   5      6.81983      391.001      hIoni
0.413984   6      8.39233      337.17      hIoni
0.475581   7      9.62792      291.78      hIoni
0.526816   8      10.6122      254.475      hadElastic
0.567525   9      11.3588      223.304      hIoni
0.603998   10      11.9754      195.778      hIoni
0.634889   11      12.4655      171.165      hIoni
0.660983   12      12.8661      148.16      hIoni
0.68278   13      13.1826      130.624      hIoni
0.701439   14      13.4429      114.09      hIoni
0.717258   15      13.6558      99.1186      hIoni
0.730617   16      13.8253      86.4494      hIoni
0.741987   17      13.962      75.0033      hIoni
0.751641   18      14.0705      64.7284      hIoni
0.759827   19      14.1568      55.5263      hIoni
0.766765   20      14.2249      47.6917      hIoni
0.772695   21      14.2795      40.8233      hIoni
0.777796   22      14.3232      34.4069      hIoni
0.782182   23      14.3578      28.7438      hIoni
0.785987   24      14.3813      23.7555      hIoni
0.789327   25      14.3984      19.0238      hIoni
0.792277   26      14.3988      14.5596      hIoni
0.794916   27      14.399      10.4508      hIoni
0.797316   28      14.3984      6.14192      hIoni
0.799389   29      14.3979      1.43838      hIoni
0.0168374   2      -0.6      600      hIoni
0.144312   3      2.42837      514.637      hadElastic
0.193599   4      3.52521      483.149      protonInelastic
0.0168374   2      -0.6      599.999      protonInelastic
0.0168374   2      -0.6      599.999      protonInelastic
