0.0168374   2      -0.6      599.999      hIoni
0.144312   3      2.42837      518.157      hIoni
0.250424   4      4.85977      447.509      hIoni
0.33865   5      6.79556      385.477      hIoni
0.411684   6      8.33581      334.784      hIoni
0.472726   7      9.56655      288.756      hIoni
0.523285   8      10.5424      250.659      protonInelastic
0.0168374   2      -0.6      600      hIoni
0.144312   3      2.42836      516.327      hadElastic
0.213405   4      4.00595      471.628      hadElastic
0.298539   5      5.87891      414.619      hIoni
0.378644   6      7.55973      360.736      hIoni
0.445773   7      8.91212      311.692      hIoni
0.501502   8      9.98681      270.567      protonInelastic
0.0168374   2      -0.6      600      protonInelastic
0.0168374   2      -0.6      600      hadElastic
0.104834   3      1.49052      546.112      hIoni
0.218172   4      4.11854      468.451      hIoni
0.31164   5      6.17914      405.296      hIoni
0.38947   6      7.77464      355.932      hIoni
0.455463   7      9.08045      308.447      protonInelastic
0.0168374   2      -0.6      600      hIoni
0.144312   3      2.42838      521.928      hIoni
0.251395   4      4.88446      447.381      hIoni
0.339588   5      6.81817      388.451      hIoni
0.413338   6      8.3691      336.88      hIoni
0.474867   7      9.59456      290.294      hIoni
0.52577   8      10.573      251.936      hIoni
0.568274   9      11.3512      218.81      hIoni
0.603821   10      11.9725      189.406      hIoni
0.633451   11      12.4633      164.453      hIoni
0.658272   12      12.8523      143.706      hIoni
0.679261   13      13.1636      125.563      hIoni
0.697037   14      13.4137      109.997      hIoni
0.712172   15      13.616      96.5122      hIoni
0.725115   16      13.7792      84.0024      hIoni
0.736112   17      13.9097      73.6355      hIoni
0.745566   18      14.0151      63.5487      hIoni
0.753589   19      14.0985      54.7203      hIoni
0.76042   20      14.1643      47.1123      hIoni
0.766278   21      14.2173      39.961      hIoni
0.77128   22      14.2595      33.8541      hIoni
0.775606   23      14.2933      28.5527      hIoni
0.779392   24      14.3204      23.4286      hIoni
0.782704   25      14.3417      18.6986      hIoni
0.785629   26      14.3581      14.4563      hIoni
0.788262   27      14.3711      10.3084      hIoni
0.790654   28      14.3815      5.89918      hIoni
0.79269   29      14.3879      1.28463      hIoni
