0.0168374   2      -0.6      599.999      protonInelastic
0.0168374   3      -0.6      599.998      hadElastic
0.0887784   4      1.10908      552.542      protonInelastic
0.0168374   2      -0.6      599.999      hIoni
0.144312   3      2.42837      514.194      protonInelastic
0.0168374   2      -0.6      599.999      protonInelastic
0.0168374   2      -0.6      599.999      hIoni
0.144312   3      2.42838      517.691      hadElastic
0.14433   4      2.42879      517.676      hIoni
0.250319   5      4.85528      447.398      hIoni
0.338517   6      6.79917      391.087      hIoni
0.412902   7      8.37989      337.702      hIoni
0.474623   8      9.63386      294.509      hIoni
0.526468   9      10.637      256.379      hIoni
0.569928   10      11.4383      224.862      hIoni
0.606724   11      12.0812      195.889      hIoni
0.637636   12      12.5866      170.051      hIoni
0.663518   13      12.9896      148.699      hIoni
0.685414   14      13.3121      129.796      hIoni
0.703927   15      13.5728      112.919      hIoni
0.71955   16      13.7774      99.5314      hIoni
0.732976   17      13.9437      86.8136      hIoni
0.744402   18      14.0774      74.3443      hIoni
0.753959   19      14.1824      64.6842      hIoni
0.762139   20      14.2657      55.5401      hIoni
0.769079   21      14.3304      47.6622      hIoni
0.775005   22      14.3807      40.6363      hIoni
0.780085   23      14.4192      34.041      hIoni
0.784431   24      14.4488      28.6081      hIoni
0.788223   25      14.4711      23.4294      hIoni
0.791534   26      14.4894      18.8802      hIoni
0.794474   27      14.5055      14.5405      hIoni
0.797111   28      14.5179      10.1096      hIoni
0.799492   29      14.5269      5.79416      hIoni
0.801512   30      14.5328      1.10339      hIoni
