0.0168374   2      -0.6      600      protonInelastic
0.0168374   2      -0.6      600      hIoni
0.144312   3      2.42838      522.118      hIoni
0.251443   4      4.88969      451.052      hIoni
0.340552   5      6.86073      391.9      protonInelastic
0.0168374   2      -0.6      600      hIoni
0.144312   3      2.42837      521.404      hIoni
0.25126   4      4.88317      451.191      protonInelastic
0.0168374   2      -0.6      599.999      hIoni
0.144312   3      2.42837      514.512      hadElastic
0.164536   4      2.88703      502.239      hIoni
0.266569   5      5.19024      434.756      protonInelastic
0.0168374   2      -0.6      599.999      hIoni
0.144312   3      2.42837      514.816      hadElastic
0.208752   4      3.90098      471.21      hIoni
0.302914   5      6.00855      407.51      hIoni
0.381284   6      7.6923      352.413      hIoni
0.446448   7      9.03309      306.531      hIoni
0.501004   8      10.106      267.468      protonInelastic
