0.0168374   2      -0.6      599.999      hadElastic
0.0996529   3      1.36743      547.058      hadElastic
0.133127   4      2.14166      526.32      hadElastic
0.157203   5      2.69339      511.443      hIoni
0.261591   6      5.06265      444.325      hIoni
0.349025   7      6.96836      385.732      hIoni
0.42212   8      8.50758      338.257      hIoni
0.483969   9      9.739      294.43      hIoni
0.535797   10      10.7235      255.665      hIoni
0.579103   11      11.5138      220.53      hIoni
0.615004   12      12.1438      189.601      hIoni
0.644672   13      12.6359      164.408      hIoni
0.669484   14      13.0227      142.572      hIoni
0.690268   15      13.3309      124.653      hIoni
0.707887   16      13.5779      109.766      hIoni
0.722985   17      13.7775      96.1078      hIoni
0.735863   18      13.9393      83.4465      hIoni
0.746775   19      14.0686      72.2734      hIoni
0.756032   20      14.1707      62.4748      hIoni
0.763907   21      14.2509      53.9447      hIoni
0.770636   22      14.3159      46.4418      hIoni
0.776411   23      14.3677      39.933      hIoni
0.78141   24      14.4091      33.4363      hIoni
0.785692   25      14.4417      27.9783      hIoni
0.789422   26      14.4682      22.9398      hIoni
0.792691   27      14.4894      18.2096      hIoni
0.795581   28      14.5061      13.8291      hIoni
0.798174   29      14.5189      9.43252      hIoni
0.800517   30      14.528      4.92381      hIoni
0.802369   31      14.5332      0.138234      hIoni
0.0168374   2      -0.6      599.999      hIoni
0.144312   3      2.42838      518.447      hIoni
0.250499   4      4.85185      446.694      hIoni
0.338522   5      6.77004      385.805      hadElastic
0.370738   6      7.44085      362.795      hIoni
0.438354   7      8.8281      314.592      hIoni
0.494746   8      9.92661      271.497      hadElastic
0.508051   9      10.1733      260.708      hIoni
0.552445   10      10.9714      226.882      protonInelastic
0.0168374   2      -0.6      599.999      hadElastic
0.102435   3      1.43352      544.321      protonInelastic
0.0168374   2      -0.6      599.998      hadElastic
0.0664653   3      0.578996      566.02      hIoni
0.184995   4      3.34746      485.544      hIoni
0.28278   5      5.55321      421.247      hIoni
0.364511   6      7.32318      365.449      hIoni
0.432757   7      8.74214      319.86      hIoni
0.490353   8      9.87828      279.289      hIoni
0.538812   9      10.7944      242.906      hIoni
0.579391   10      11.5211      211.583      hIoni
0.61346   11      12.094      184.274      hIoni
0.642084   12      12.5537      159.911      hIoni
0.666052   13      12.9146      139.238      hIoni
0.686237   14      13.2001      120.612      hIoni
0.703162   15      13.4316      105.79      hIoni
0.717603   16      13.6181      92.1842      hIoni
0.729863   17      13.7644      80.6845      hIoni
0.740358   18      13.8791      70.1279      hIoni
0.749307   19      13.9706      60.7068      hIoni
0.756939   20      14.0417      53.0182      hIoni
0.763548   21      14.1027      45.672      hIoni
0.769228   22      14.1517      38.5602      hIoni
0.774071   23      14.1896      32.4811      hIoni
0.778253   24      14.2192      27.1403      hIoni
0.781903   25      14.2433      22.417      hIoni
0.785127   26      14.2607      17.7258      hIoni
0.787981   27      14.2746      13.2071      hIoni
0.790537   28      14.2864      8.96007      hIoni
0.792852   29      14.2954      4.53123      hIoni
0.0168374   2      -0.6      600      hadElastic
0.109365   3      1.59815      540.269      hIoni
0.221186   4      4.17669      464.597      hIoni
0.313685   5      6.22953      399.502      hadElastic
0.333205   6      6.64274      386.617      hIoni
0.406513   7      8.17827      334.673      protonInelastic
