0.0168374   2      -0.6      599.999      hIoni
0.144312   3      2.42838      514.895      protonInelastic
0.0168374   2      -0.6      599.999      hIoni
0.144312   3      2.42837      512.896      hIoni
0.249073   4      4.82515      445.536      hadElastic
0.267248   5      5.22385      434.043      hIoni
0.352132   6      7.08121      373.527      hIoni
0.422301   7      8.54791      324.1      hIoni
0.480873   8      9.72203      279.822      hIoni
0.529449   9      10.649      244.84      hIoni
0.570438   10      11.3947      214.759      hIoni
0.605155   11      11.9927      187.689      hIoni
0.634447   12      12.4715      164.707      hIoni
0.659316   13      12.8476      143.304      hIoni
0.680232   14      13.1376      125.028      hIoni
0.697916   15      13.3706      108.546      hIoni
0.712811   16      13.557      95.402      hIoni
0.725578   17      13.7061      82.8788      hIoni
0.736404   18      13.8279      71.7118      hIoni
0.74558   19      13.9253      61.8302      hIoni
0.753366   20      14.0032      53.4639      hIoni
0.760032   21      14.0664      46.1543      hIoni
0.765772   22      14.1176      38.8641      hIoni
0.770649   23      14.1576      32.5004      hIoni
0.774833   24      14.189      27.0266      hIoni
0.778472   25      14.2138      22.2191      hIoni
0.78168   26      14.2331      17.581      hIoni
0.784523   27      14.2469      13.3624      hIoni
0.787088   28      14.2579      9.21077      hIoni
0.789418   29      14.2662      4.81454      hIoni
0.79124   30      14.2707      0.0322935      hIoni
0.0168374   2      -0.6      599.999      hIoni
0.144312   3      2.42837      512.053      hIoni
0.248857   4      4.81128      441.019      hIoni
0.335469   5      6.69942      380.471      hIoni
0.407301   6      8.19179      330.888      hIoni
0.467439   7      9.362      285.991      hIoni
0.517383   8      10.2968      248.526      hIoni
0.559158   9      11.036      217.009      hIoni
0.594335   10      11.6148      189.402      hIoni
0.623964   11      12.0867      163.756      hIoni
0.648654   12      12.4601      143.045      hIoni
0.669523   13      12.7484      124.3      hIoni
0.687081   14      12.9809      108.111      hIoni
0.701905   15      13.1687      93.3289      hIoni
0.714344   16      13.3163      81.0533      hIoni
0.724895   17      13.4341      70.5717      hIoni
0.733907   18      13.5259      60.8305      hIoni
0.741556   19      13.5987      52.1644      hIoni
0.748054   20      13.6545      44.9306      hIoni
0.753644   21      13.6944      38.4844      hIoni
0.758478   22      13.7263      32.0076      hIoni
0.762611   23      13.7521      26.6753      hIoni
0.766217   24      13.7721      21.88      hIoni
0.769396   25      13.7877      17.3967      hIoni
0.772226   26      13.8001      12.7942      hIoni
0.774758   27      13.8095      8.53339      hIoni
0.777047   28      13.8156      4.1045      hIoni
0.0168374   2      -0.6      600      protonInelastic
0.0168374   3      -0.6      599.995      hadElastic
0.0913719   4      1.17069      554.294      hIoni
0.20684   5      3.84158      475.744      protonInelastic
