0.0168374   2      -0.6      600      protonInelastic
0.0168374   2      -0.6      599.999      hadElastic
0.0253118   3      -0.398675      595      hIoni
0.151464   4      2.5923      507.507      protonInelastic
0.0168374   2      -0.6      600      hadElastic
0.0370319   3      -0.120244      586.772      hIoni
0.161013   4      2.81008      506.911      hIoni
0.264241   5      5.15429      436.515      hIoni
0.349736   6      7.01934      378.54      hIoni
0.421104   7      8.50783      328.399      hIoni
0.480667   8      9.69718      286.906      hIoni
0.530815   9      10.6555      250.443      hIoni
0.572999   10      11.426      217.139      hIoni
0.608203   11      12.0394      189.348      hIoni
0.637822   12      12.531      165.154      hIoni
0.662775   13      12.9207      143.041      hIoni
0.683644   14      13.2298      125.128      hIoni
0.701345   15      13.4785      109.966      hIoni
0.716475   16      13.6802      95.4498      hIoni
0.729249   17      13.8392      82.9764      hIoni
0.74009   18      13.9662      71.9805      hIoni
0.749304   19      14.0676      61.8889      hIoni
0.757098   20      14.1483      53.8328      hIoni
0.763813   21      14.2134      46.2512      hIoni
0.769565   22      14.2614      39.1421      hIoni
0.774473   23      14.2979      33.315      hIoni
0.778743   24      14.3268      27.6684      hIoni
0.782443   25      14.3493      22.6823      hIoni
0.78569   26      14.3671      17.9399      hIoni
0.788559   27      14.3817      13.5576      hIoni
0.791136   28      14.3936      9.29923      hIoni
0.793472   29      14.4023      5.00468      hIoni
0.795344   30      14.4072      0.254566      hIoni
0.0168374   3      -0.6      599.99      hIoni
0.14431   4      2.42831      519.802      hIoni
0.250845   5      4.8742      450.449      hIoni
0.339803   6      6.84143      388.734      hIoni
0.413621   7      8.40659      337.228      hIoni
0.475231   8      9.65451      292.212      hadElastic
0.517232   9      10.4626      260.966      hIoni
0.561682   10      11.2678      227.207      hIoni
0.598964   11      11.9152      197.819      hIoni
0.630261   12      12.436      173.007      hIoni
0.656707   13      12.8536      149.597      hIoni
0.678767   14      13.1814      130.954      hIoni
0.697484   15      13.4454      116.019      hIoni
0.713628   16      13.6612      101.195      hIoni
0.727321   17      13.8317      88.8207      hIoni
0.739057   18      13.9735      76.6943      hIoni
0.748959   19      14.0852      66.6062      hIoni
0.757408   20      14.1757      57.4875      hIoni
0.764606   21      14.2474      50.2197      hIoni
0.770855   22      14.3059      42.8614      hIoni
0.776196   23      14.3522      36.4872      hIoni
0.780807   24      14.3893      31.0101      hIoni
0.784838   25      14.419      25.9016      hIoni
0.788372   26      14.443      21.0092      hIoni
0.791479   27      14.4619      16.4812      hIoni
0.794245   28      14.4768      12.0009      hIoni
0.796731   29      14.4883      7.585      hIoni
0.798953   30      14.4966      2.9983      hIoni
0.0168374   2      -0.6      599.999      hIoni
0.144312   3      2.42838      514.821      protonInelastic
