0.0168374   2      -0.6      600      protonInelastic
0.0168374   2      -0.6      599.999      hIoni
0.144312   3      2.42837      517.881      hIoni
0.250353   4      4.8465      446.231      hIoni
0.338261   5      6.77753      389.022      hIoni
0.412148   6      8.34471      337.668      hIoni
0.473861   7      9.59812      292.43      hIoni
0.525241   8      10.5869      255.482      hIoni
0.568507   9      11.3851      222.706      hIoni
0.604856   10      12.0245      195.998      hIoni
0.63579   11      12.5348      171.392      hIoni
0.661928   12      12.9445      149.685      hIoni
0.684004   13      13.2698      130.01      hIoni
0.702555   14      13.5238      114.411      hIoni
0.718428   15      13.7318      99.6442      hIoni
0.731872   16      13.899      87.0401      hIoni
0.743333   17      14.0353      75.6105      hIoni
0.753076   18      14.1432      65.484      hIoni
0.761367   19      14.2269      56.309      hIoni
0.768408   20      14.2929      47.8412      hIoni
0.774357   21      14.3437      40.4058      hIoni
0.77941   22      14.3808      33.954      hIoni
0.783747   23      14.4099      28.3734      hIoni
0.787516   24      14.433      23.4023      hIoni
0.790825   25      14.4518      18.6794      hIoni
0.793749   26      14.4681      14.2045      hIoni
0.796366   27      14.4807      9.93478      hIoni
0.798737   28      14.4901      5.54125      hIoni
0.800715   29      14.4961      0.70726      hIoni
0.0168374   2      -0.6      599.999      hIoni
0.144312   3      2.42837      516.324      protonInelastic
0.0168374   2      -0.6      599.999      hIoni
0.144312   3      2.42838      522.52      hIoni
0.251547   4      4.87257      451.211      hIoni
0.340695   5      6.77707      389.138      hIoni
0.414611   6      8.30517      337.621      hIoni
0.476312   7      9.53328      295.074      hIoni
0.528285   8      10.5177      257.791      protonInelastic
0.0168374   2      -0.6      599.998      hadElastic
0.0642378   3      0.526078      567.769      hIoni
0.183226   4      3.30442      486.234      hadElastic
0.281135   5      5.51135      423.665      hIoni
0.36346   6      7.29491      367.095      hIoni
0.432097   7      8.72024      319.642      hIoni
0.489644   8      9.86268      278.195      hIoni
0.537861   9      10.7668      242.699      hIoni
0.578396   10      11.483      212.296      hIoni
0.61261   11      12.0673      187.375      hIoni
0.641841   12      12.5454      163.803      protonInelastic
