0.0168374   2      -0.6      599.999      hIoni
0.144312   3      2.42837      515.66      hIoni
0.249783   4      4.84015      445.845      hIoni
0.337594   5      6.76705      386.129      hadElastic
0.345468   6      6.93255      381.007      hIoni
0.417428   7      8.42167      328.052      hIoni
0.476911   8      9.59964      288.122      hIoni
0.527329   9      10.5447      251.206      hIoni
0.569677   10      11.3086      220.245      hIoni
0.605519   11      11.9227      189.937      protonInelastic
0.0168374   2      -0.6      600      hIoni
0.144312   3      2.42838      513.671      hIoni
0.249272   4      4.82674      444.504      hIoni
0.33675   5      6.75114      381.533      hIoni
0.408836   6      8.25754      333.101      hIoni
0.469487   7      9.46958      289.543      hIoni
0.520222   8      10.4178      252.628      hIoni
0.562875   9      11.1669      220.48      hIoni
0.598765   10      11.7839      191.246      hIoni
0.628758   11      12.2682      167.606      hIoni
0.654175   12      12.6609      146.762      hIoni
0.675718   13      12.9807      127.711      hIoni
0.693867   14      13.2369      111.328      hIoni
0.709224   15      13.4416      96.9937      hIoni
0.722244   16      13.606      84.9659      hIoni
0.733387   17      13.739      73.6789      hIoni
0.742848   18      13.8449      64.2307      hIoni
0.750965   19      13.9299      55.5071      hIoni
0.7579   20      13.998      47.4512      hIoni
0.7638   21      14.052      40.5633      hIoni
0.768871   22      14.095      34.3682      hIoni
0.773252   23      14.1291      28.8297      hIoni
0.777065   24      14.1565      23.3945      hIoni
0.780374   25      14.1758      18.5204      hIoni
0.783286   26      14.1903      14.0634      hIoni
0.785894   27      14.2016      10.0202      hIoni
0.78827   28      14.2107      5.87835      hIoni
0.790303   29      14.2161      1.07906      hIoni
0.0168374   2      -0.6      599.999      hIoni
0.144312   3      2.42837      522.988      hIoni
0.251668   4      4.87435      449.35      hIoni
0.340352   5      6.81271      393.515      hIoni
0.415324   6      8.39245      338.796      hIoni
0.477299   7      9.63998      292.79      protonInelastic
0.0168374   2      -0.6      600      hIoni
0.144312   3      2.42837      519.653      hIoni
0.250809   4      4.8638      450.134      protonInelastic
0.0168374   2      -0.6      599.999      hadElastic
0.0690239   3      0.63978      567.174      hIoni
0.187856   4      3.42575      491.942      hIoni
0.287266   5      5.67321      426.816      hIoni
0.370366   6      7.28668      369.767      hIoni
0.439638   7      8.582      319.849      hIoni
0.497233   8      9.57779      278.562      hIoni
0.545531   9      10.3833      241.878      hIoni
0.585892   10      11.0127      210.523      hIoni
0.619745   11      11.5284      183.854      hIoni
0.648288   12      11.9487      159.022      hIoni
0.67209   13      12.2714      139.08      hIoni
0.692247   14      12.5437      122.185      hIoni
0.709441   15      12.7623      107.05      hIoni
0.724089   16      12.9358      94.1362      hIoni
0.736655   17      13.0773      81.7027      hIoni
0.747304   18      13.1945      70.4661      hIoni
0.756301   19      13.2874      61.3561      hIoni
0.764022   20      13.3604      52.8508      hIoni
0.770609   21      13.4122      45.0707      hIoni
0.776216   22      13.4498      38.4324      hIoni
0.781044   23      13.478      32.7884      hIoni
0.785258   24      13.5037      27.34      hIoni
0.788927   25      13.5237      22.2969      hIoni
0.792141   26      13.5389      17.6904      hIoni
0.794992   27      13.5514      13.2283      hIoni
0.79755   28      13.5618      8.97976      hIoni
0.799866   29      13.5699      4.5693      hIoni
