0.0168374   2      -0.6      600      protonInelastic
0.0168374   2      -0.6      600      protonInelastic
0.0168374   2      -0.6      599.999      hIoni
0.144312   3      2.42837      516.02      hIoni
0.249875   4      4.82951      448.591      hIoni
0.338371   5      6.74366      387.426      hIoni
0.411873   6      8.27381      333.778      hIoni
0.472682   7      9.48725      292.488      protonInelastic
0.0168374   2      -0.6      600      hIoni
0.144312   3      2.42838      516.037      hIoni
0.24988   4      4.84437      443.609      hadElastic
0.266362   5      5.20655      433.164      protonInelastic
0.0168374   2      -0.6      599.999      hadElastic
0.0540836   3      0.284848      578.252      hIoni
0.175822   4      3.15047      497.059      hIoni
0.276534   5      5.42066      431.671      hIoni
0.360832   6      7.2236      373.826      protonInelastic
