0.0168374   2      -0.6      599.999      hIoni
0.144312   3      2.42838      518.851      hadElastic
0.211635   4      3.96842      476.478      hIoni
0.307126   5      6.1022      408.455      protonInelastic
0.0168374   2      -0.6      600      hadElastic
0.0960862   3      1.28269      547.197      hIoni
0.209706   4      3.90289      473.83      hIoni
0.304529   5      6.01433      411.511      hIoni
0.383875   6      7.71678      356.092      hIoni
0.449906   7      9.07251      310.184      hIoni
0.505292   8      10.1504      268.269      hIoni
0.55133   9      11.0089      234.294      hIoni
0.590092   10      11.6961      203.136      hIoni
0.622453   11      12.2389      176.901      hIoni
0.649648   12      12.6604      154.957      hIoni
0.672695   13      13.0014      136.403      hIoni
0.692374   14      13.2686      118.905      hIoni
0.709007   15      13.4836      104.901      hIoni
0.723303   16      13.6571      91.8568      protonInelastic
0.0168374   2      -0.6      599.999      hIoni
0.144312   3      2.42837      516.907      hIoni
0.250103   4      4.84815      446.469      hIoni
0.33807   5      6.77748      385.28      hadElastic
0.353395   6      7.09899      375.785      hIoni
0.424104   7      8.5719      329.045      protonInelastic
0.0168374   2      -0.6      600      hIoni
0.144312   3      2.42838      506.536      protonInelastic
0.0168374   2      -0.6      599.999      hIoni
0.144312   3      2.42837      513.871      hadElastic
0.195939   4      3.59163      480.783      hIoni
0.292518   5      5.72966      415.46      hIoni
0.372829   6      7.44309      363.274      protonInelastic
