0.0168374   2      -0.6      600      hIoni
0.144312   3      2.42838      520.02      protonInelastic
0.0168374   2      -0.6      600      hIoni
0.144312   3      2.42838      517.198      hIoni
0.250178   4      4.84992      450.956      hIoni
0.339263   5      6.79962      394.842      hIoni
0.414556   6      8.3938      345.696      hIoni
0.478143   7      9.68866      300.214      hIoni
0.531271   8      10.7201      261.127      hIoni
0.575756   9      11.5441      227.501      hIoni
0.613099   10      12.2009      197.549      hIoni
0.644342   11      12.721      171.448      hIoni
0.67049   12      13.1333      149.971      hIoni
0.692619   13      13.4627      131.363      hIoni
0.711408   14      13.7276      115.69      hIoni
0.727496   15      13.9444      100.447      hIoni
0.741069   16      14.117      86.7706      hIoni
0.752488   17      14.2527      75.2274      hIoni
0.762175   18      14.3615      65.2196      hIoni
0.77043   19      14.4476      56.7879      hIoni
0.777535   20      14.5157      48.7314      hIoni
0.783595   21      14.5701      41.3503      hIoni
0.788758   22      14.6121      34.7461      hIoni
0.793179   23      14.6454      28.9854      hIoni
0.797008   24      14.6724      23.6966      hIoni
0.800343   25      14.6939      18.9638      hIoni
0.803289   26      14.7107      14.6259      hIoni
0.805932   27      14.7234      10.163      hIoni
0.808316   28      14.7334      5.92662      hIoni
0.810356   29      14.7402      1.21045      hIoni
0.0168374   2      -0.6      600      hIoni
0.144312   3      2.42837      517.126      hIoni
0.250159   4      4.85377      448.33      hIoni
0.33859   5      6.79965      388.822      hadElastic
0.40571   6      8.19944      343.699      hIoni
0.46883   7      9.44655      299.604      hIoni
0.521821   8      10.4544      263.23      hIoni
0.566762   9      11.277      231.933      hIoni
0.605029   10      11.9473      202.307      hIoni
0.637224   11      12.4775      175.39      hIoni
0.664127   12      12.8983      152.914      hIoni
0.686797   13      13.2351      133.435      hIoni
0.70595   14      13.5049      116.136      hIoni
0.722114   15      13.7166      100.935      hIoni
0.735766   16      13.8858      87.1971      hIoni
0.747251   17      14.0198      75.486      hIoni
0.756975   18      14.126      65.8467      hIoni
0.765318   19      14.2117      57.0666      hIoni
0.77246   20      14.2807      48.9567      hIoni
0.778548   21      14.3357      42.5017      hIoni
0.783846   22      14.3806      36.1839      hIoni
0.788424   23      14.4155      30.065      hIoni
0.79236   24      14.4435      24.8717      hIoni
0.795799   25      14.4657      20.479      hIoni
0.798864   26      14.4837      15.841      hIoni
0.801586   27      14.4974      11.6023      hIoni
0.80405   28      14.5079      7.37327      hIoni
0.806255   29      14.5152      2.72385      hIoni
0.0168374   2      -0.6      600      hadElastic
0.132371   3      2.1447      520.236      hIoni
0.239018   4      4.57934      444.81      hadElastic
0.309062   5      6.10194      396.501      protonInelastic
0.0168374   2      -0.6      599.999      hIoni
0.144312   3      2.42837      513.141      protonInelastic
