0.0168374   2      -0.6      599.999      hIoni
0.144312   3      2.42837      517.718      hIoni
0.250311   4      4.85656      444.877      hIoni
0.337882   5      6.74432      385.48      hIoni
0.410916   6      8.25299      333.83      hIoni
0.471737   7      9.45389      290.507      hIoni
0.522687   8      10.4082      254.566      hIoni
0.565756   9      11.1797      222.22      hIoni
0.602005   10      11.8091      193.204      hIoni
0.632385   11      12.307      168.98      hIoni
0.658063   12      12.7051      147.005      hIoni
0.67965   13      13.0268      127.962      hIoni
0.697844   14      13.2844      111.298      hIoni
0.713195   15      13.4899      96.5482      hadElastic
0.715983   16      13.5251      94.1673      hIoni
0.728554   17      13.6822      81.5891      hIoni
0.739185   18      13.8069      70.5881      hIoni
0.7482   19      13.9061      60.1405      hIoni
0.755755   20      13.983      51.6937      hIoni
0.762192   21      14.0444      43.9935      hIoni
0.767669   22      14.093      37.5933      hIoni
0.772403   23      14.1319      31.5802      hIoni
0.776492   24      14.1628      26.6264      hIoni
0.780093   25      14.1879      21.7001      hIoni
0.783257   26      14.2077      17.0913      hIoni
0.786066   27      14.2233      12.6448      hIoni
0.788589   28      14.2349      8.47579      hIoni
0.790874   29      14.2438      4.18646      hIoni
0.0168374   2      -0.6      600      hIoni
0.144312   3      2.42838      516.034      hadElastic
0.19174   4      3.5131      484.871      hIoni
0.289354   5      5.7133      419.987      hIoni
0.370775   6      7.46302      364.411      hIoni
0.438775   7      8.86809      319.587      hIoni
0.496309   8      10.008      276.413      hIoni
0.544133   9      10.9139      240.62      hIoni
0.584228   10      11.6333      208.189      hIoni
0.617608   11      12.1955      179.837      hIoni
0.645369   12      12.6408      156.132      hIoni
0.668634   13      12.9864      135.764      hIoni
0.6882   14      13.2594      117.623      hIoni
0.704615   15      13.4682      102.849      hIoni
0.718577   16      13.6372      89.9045      hIoni
0.73048   17      13.7712      77.7575      hIoni
0.74054   18      13.8712      67.3421      hIoni
0.749092   19      13.947      58.6053      hIoni
0.75644   20      14.0069      50.5593      hIoni
0.762732   21      14.0553      42.8719      hIoni
0.768075   22      14.0942      36.2669      hIoni
0.772661   23      14.1244      30.7376      hIoni
0.776665   24      14.1474      25.9074      hIoni
0.780199   25      14.1653      21.0682      hIoni
0.783311   26      14.1808      16.6002      hIoni
0.786085   27      14.1926      12.0417      hIoni
0.788574   28      14.2027      7.7442      hIoni
0.790808   29      14.2092      3.17315      hIoni
0.0168374   2      -0.6      599.999      hIoni
0.144312   3      2.42838      518.229      hIoni
0.250443   4      4.86089      446.545      hIoni
0.338428   5      6.79874      382.741      hIoni
0.410804   6      8.32002      331.982      hIoni
0.471197   7      9.53566      288.349      hIoni
0.521665   8      10.5015      251.652      hIoni
0.564108   9      11.2741      220.496      hIoni
0.600002   10      11.8864      192.38      hIoni
0.630219   11      12.3554      167.971      hIoni
0.655705   12      12.7367      145.652      hIoni
0.677046   13      13.0405      127.301      hIoni
0.695125   14      13.284      111.292      hIoni
0.710475   15      13.4746      96.5992      hIoni
0.723432   16      13.6286      83.6629      hadElastic
0.733623   17      13.7415      73.2242      hIoni
0.743018   18      13.8447      63.2983      hIoni
0.751006   19      13.9268      54.8331      hIoni
0.757852   20      13.9922      47.6025      hIoni
0.76377   21      14.0453      40.7331      hIoni
0.768861   22      14.0862      34.6705      hIoni
0.773275   23      14.1191      28.7792      hIoni
0.777083   24      14.145      23.3      hIoni
0.780383   25      14.1655      18.7953      hIoni
0.783317   26      14.1812      14.1755      hIoni
0.785931   27      14.194      9.99262      hIoni
0.788306   28      14.2038      5.3818      hIoni
0.790256   29      14.2101      0.682085      hIoni
0.0168374   2      -0.6      600      protonInelastic
0.0168374   2      -0.6      599.998      hIoni
0.144312   3      2.42837      517.397      protonInelastic
