0.0168374   2      -0.6      599.999      protonInelastic
0.0168374   2      -0.6      599.999      hIoni
0.144312   3      2.42837      518.757      hIoni
0.250578   4      4.86588      451.825      hIoni
0.33988   5      6.81995      392.377      hIoni
0.414577   6      8.39671      340.14      hIoni
0.476866   7      9.65597      295.677      hIoni
0.528974   8      10.6501      256.096      hIoni
0.572372   9      11.4328      223.113      hadElastic
0.607365   10      12.0321      195.855      hIoni
0.638271   11      12.5286      170.649      hIoni
0.664266   12      12.9321      149.412      hIoni
0.686293   13      13.2519      130.421      hIoni
0.704916   14      13.5018      114.067      hIoni
0.720731   15      13.7043      98.7867      hIoni
0.734037   16      13.8642      85.7783      hIoni
0.745304   17      13.9926      74.8899      hIoni
0.754942   18      14.0951      65.1296      hIoni
0.763184   19      14.1778      56.3601      hIoni
0.770232   20      14.2412      48.3168      hIoni
0.77624   21      14.2904      41.431      hIoni
0.781412   22      14.3302      35.2376      hIoni
0.785887   23      14.3616      29.4594      hIoni
0.789762   24      14.3868      23.9184      hIoni
0.793117   25      14.406      19.2547      hIoni
0.796085   26      14.4221      14.7058      hIoni
0.798733   27      14.4332      10.579      hIoni
0.80114   28      14.4419      6.23955      hIoni
0.803227   29      14.4473      1.49352      hIoni
0.0168374   2      -0.6      600      hIoni
0.144312   3      2.42838      519.806      protonInelastic
0.0168374   2      -0.6      599.999      hIoni
0.144312   3      2.42837      521.352      hIoni
0.251246   4      4.88298      452.546      hIoni
0.340728   5      6.85714      392.329      hIoni
0.415413   6      8.4269      338.457      hIoni
0.47731   7      9.64697      295.385      hIoni
0.529352   8      10.6349      258.72      hIoni
0.573316   9      11.442      226.158      hIoni
0.61038   10      12.0874      196.833      hIoni
0.641481   11      12.5837      173.214      hIoni
0.667966   12      12.9772      151.934      hIoni
0.690456   13      13.2827      132.747      hIoni
0.709488   14      13.5386      115.216      hIoni
0.725496   15      13.7413      99.3566      hIoni
0.738894   16      13.9045      86.5375      hIoni
0.750277   17      14.0307      75.2402      hIoni
0.759966   18      14.1322      65.3188      hIoni
0.768234   19      14.2148      57.0745      hIoni
0.775377   20      14.2811      49.6332      hIoni
0.781551   21      14.336      42.7362      hIoni
0.786878   22      14.3798      36.1168      hIoni
0.791448   23      14.4148      30.1424      hIoni
0.795391   24      14.4424      24.8747      hIoni
0.798831   25      14.4644      19.9151      hIoni
0.801851   26      14.4824      15.5561      hIoni
0.804554   27      14.4965      11.4072      hIoni
0.807007   28      14.5072      7.10752      hIoni
0.809189   29      14.5143      2.70662      hIoni
0.0168374   2      -0.6      599.999      protonInelastic
