0.0168374   2      -0.6      599.999      hIoni
0.144312   3      2.42837      514.014      hIoni
0.24936   4      4.83203      446.074      hIoni
0.337229   5      6.7689      386.15      hIoni
0.410424   6      8.31177      338.352      hIoni
0.472296   7      9.5378      293.253      hIoni
0.52386   8      10.5054      255.724      hIoni
0.567178   9      11.2862      222.225      hIoni
0.603428   10      11.8909      193.694      hIoni
0.633905   11      12.3765      169.311      hIoni
0.659646   12      12.7684      147.639      hIoni
0.681349   13      13.0776      128.574      hIoni
0.699649   14      13.3271      111.367      hIoni
0.715012   15      13.5262      97.5418      hIoni
0.728119   16      13.6512      84.7459      hIoni
0.739229   17      13.7499      73.619      hIoni
0.748681   18      13.8295      64.2091      hIoni
0.756795   19      13.8954      55.4522      hIoni
0.763722   20      13.949      47.5072      hIoni
0.769629   21      13.9903      40.2801      hIoni
0.774668   22      14.0239      34.0774      hIoni
0.779018   23      14.0497      28.5282      hIoni
0.782802   24      14.0689      23.4734      hIoni
0.786117   25      14.0833      18.7862      hIoni
0.78905   26      14.0946      14.3426      hIoni
0.791675   27      14.1039      9.92062      hIoni
0.794045   28      14.1124      5.78956      hIoni
0.796064   29      14.118      1.12004      hIoni
0.0168374   2      -0.6      599.998      protonInelastic
0.115596   3      1.74617      535.562      protonInelastic
0.0168374   2      -0.6      599.999      protonInelastic
0.0168374   2      -0.6      599.999      hIoni
0.144312   3      2.42837      520.655      hIoni
0.251067   4      4.85879      448.627      protonInelastic
0.0168374   2      -0.6      599.999      hadElastic
0.120429   3      1.86099      533.805      hIoni
0.230576   4      4.39851      463.922      hIoni
0.322906   5      6.44969      400.434      hIoni
0.399554   6      8.07983      347.441      hIoni
0.46355   7      9.38469      300.531      hIoni
0.51675   8      10.4215      261.342      hIoni
0.561281   9      11.2497      229.107      hIoni
0.598959   10      11.9168      199.508      hIoni
0.630593   11      12.4519      174.442      hIoni
0.657314   12      12.8816      152.476      protonInelastic
