0.0168374   2      -0.6      599.999      hadElastic
0.112856   3      1.68108      539.084      hIoni
0.22437   4      4.23545      465.687      hIoni
0.317143   5      6.28825      400.938      hIoni
0.393913   6      7.92288      346.336      protonInelastic
0.0168374   2      -0.6      599.999      hIoni
0.144312   3      2.42838      517.699      protonInelastic
0.0168374   2      -0.6      600      hIoni
0.144312   3      2.42838      514.525      hIoni
0.249491   4      4.82436      448.411      protonInelastic
0.0168374   2      -0.6      599.999      hIoni
0.144312   3      2.42838      517.793      hIoni
0.250331   4      4.85899      443.628      hIoni
0.337591   5      6.77306      384.09      hIoni
0.410291   6      8.30157      332.517      protonInelastic
0.0168374   2      -0.6      599.999      hIoni
0.144312   3      2.42837      520.667      hIoni
0.25107   4      4.70165      450.661      hIoni
0.340081   5      6.53005      387.012      hIoni
0.413484   6      7.91926      337.303      hIoni
0.475112   7      9.03281      290.899      hIoni
0.526149   8      9.94107      252.233      hIoni
0.568717   9      10.6682      219.76      hIoni
0.60446   10      11.2421      190.352      protonInelastic
