0.0168374   2      -0.6      600      hIoni
0.144312   3      2.42838      518.994      hadElastic
0.19568   4      3.59085      485.415      protonInelastic
0.0168374   3      -0.6      599.982      hIoni
0.144307   4      2.42824      523.882      protonInelastic
0.0168374   2      -0.6      599.999      hIoni
0.144312   3      2.42838      518.517      protonInelastic
0.0168374   2      -0.6      599.999      hadElastic
0.0331262   3      -0.21303      590.307      hIoni
0.158039   4      2.72602      511.094      hadElastic
0.255096   5      4.91204      446.455      protonInelastic
0.0168374   2      -0.6      599.999      hIoni
0.144312   3      2.42838      518.66      hIoni
0.250554   4      4.85735      446.737      hadElastic
0.31185   5      6.19848      406.249      hIoni
0.389912   6      7.84171      351.954      hIoni
0.454968   7      9.15647      303.048      hIoni
0.508736   8      10.1971      264.801      hIoni
0.554018   9      11.0207      231.982      hIoni
0.592296   10      11.6906      203.437      hIoni
0.624718   11      12.2264      177.331      hIoni
0.651995   12      12.6483      154.613      hIoni
0.674979   13      12.9825      136.034      protonInelastic
