0.0168374   2      -0.6      599.999      hIoni
0.144312   3      2.42838      518.388      hIoni
0.250484   4      4.85497      446.151      hIoni
0.338371   5      6.78856      387.642      hIoni
0.411926   6      8.33882      336.421      hIoni
0.473349   7      9.58521      293.821      hIoni
0.52504   8      10.5804      254.229      hadElastic
0.56534   9      11.3215      222.566      hIoni
0.601661   10      11.9538      195.877      protonInelastic
0.0168374   2      -0.6      600      hadElastic
0.106457   3      1.52907      539.508      hIoni
0.218081   4      4.10641      467.951      hIoni
0.311423   5      6.18824      405.08      hIoni
0.389201   6      7.85314      351.899      hIoni
0.454244   7      9.18968      301.5      hIoni
0.507662   8      10.2337      258.699      hIoni
0.551622   9      11.044      224.775      hIoni
0.5884   10      11.6898      195.778      hIoni
0.61929   11      12.2045      171.531      hIoni
0.645454   12      12.6194      149.916      protonInelastic
0.0168374   2      -0.6      599.999      hadElastic
0.120626   3      1.86568      530.208      hIoni
0.229844   4      4.37406      457.455      hIoni
0.320552   5      6.38615      397.686      hIoni
0.396534   6      8.00252      345.451      hadElastic
0.448413   7      9.05835      310.159      hIoni
0.503794   8      10.1523      268.959      hIoni
0.549983   9      11.0233      234.033      hIoni
0.58869   10      11.7187      204.445      hIoni
0.621315   11      12.2769      178.021      hIoni
0.648725   12      12.7211      155.254      hIoni
0.671827   13      13.0734      135.126      hadElastic
0.683845   14      13.2461      123.857      hIoni
0.701326   15      13.4877      108.689      hadElastic
0.704851   16      13.5336      105.428      hIoni
0.719233   17      13.7094      91.8618      hIoni
0.731442   18      13.8539      80.394      hIoni
0.741894   19      13.9693      69.5507      hIoni
0.75076   20      14.0596      59.7872      hIoni
0.758267   21      14.1329      51.5445      hIoni
0.764685   22      14.1936      44.0329      hIoni
0.770167   23      14.242      37.8161      hIoni
0.774925   24      14.2809      32.1412      hIoni
0.779072   25      14.3095      26.6002      hIoni
0.782671   26      14.3322      21.6787      hIoni
0.785834   27      14.3489      17.0586      hIoni
0.78864   28      14.3623      12.677      hIoni
0.791164   29      14.3726      8.35966      hIoni
0.793442   30      14.3804      4.01081      hIoni
0.0168374   3      -0.6      599.997      hIoni
0.144311   4      2.42836      519.388      hIoni
0.25074   5      4.86985      450.8      protonInelastic
0.0168374   2      -0.6      599.998      hadElastic
0.0873113   3      1.07423      552.489      protonInelastic
