0.0168374   2      -0.6      599.998      protonInelastic
0.0168374   2      -0.6      599.998      hIoni
0.144312   3      2.42837      518.809      protonInelastic
0.0168374   2      -0.6      599.999      hadElastic
0.124704   3      1.96256      525.747      protonInelastic
0.0168374   2      -0.6      599.999      protonInelastic
0.0168374   2      -0.6      599.999      hIoni
0.144312   3      2.42837      520.351      hadElastic
0.201769   4      3.74048      484.304      hIoni
0.29924   5      5.86525      419.491      protonInelastic
0.335896   6      6.61818      394.847      hadElastic
0.385937   7      7.62889      359.495      hIoni
0.452771   8      8.94505      315.257      hIoni
0.509314   9      10.0151      273.485      hIoni
0.556494   10      10.8628      237.679      hIoni
0.595968   11      11.5274      208.059      hIoni
0.629322   12      12.0673      180.911      hIoni
0.657292   13      12.4868      160.688      hIoni
0.681406   14      12.8292      140.482      hIoni
0.701814   15      13.1097      123.061      hIoni
0.719158   16      13.3326      107.206      hIoni
0.733833   17      13.5092      93.5635      hIoni
0.746309   18      13.6502      81.2762      hIoni
0.756893   19      13.7634      70.5948      hIoni
0.765908   20      13.8568      61.0409      hIoni
0.773586   21      13.9303      53.0313      hIoni
0.780197   22      13.9929      45.2813      hIoni
0.785829   23      14.0421      38.4139      hIoni
0.790655   24      14.0814      32.3036      hIoni
0.794819   25      14.113      26.4674      hIoni
0.798406   26      14.1375      21.6473      hIoni
0.801565   27      14.1569      16.9509      hIoni
0.804364   28      14.1721      12.5788      hIoni
0.806883   29      14.1841      8.25099      hIoni
0.809153   30      14.1929      3.83884      hIoni
