0.0168374   2      -0.6      600      hIoni
0.144312   3      2.42837      518.302      hIoni
0.250462   4      4.86379      450.412      hIoni
0.339411   5      6.82543      388.403      hIoni
0.413149   6      8.3891      336.528      hadElastic
0.418458   7      8.49685      332.781      hIoni
0.479035   8      9.72188      289.301      hIoni
0.529716   9      10.7014      250.353      hIoni
0.571882   10      11.4695      217.61      hIoni
0.607182   11      12.0787      191.269      hIoni
0.637179   12      12.5718      167.038      hIoni
0.662489   13      12.9631      145.967      hIoni
0.683887   14      13.28      127.778      hIoni
0.702048   15      13.535      110.833      hIoni
0.717323   16      13.738      96.0483      hIoni
0.730192   17      13.895      82.9216      hIoni
0.741024   18      14.0137      72.5115      hIoni
0.750316   19      14.1123      62.5889      hIoni
0.758206   20      14.1892      54.2675      hIoni
0.764978   21      14.2487      46.8053      hIoni
0.770797   22      14.2968      39.7636      hIoni
0.775777   23      14.3338      33.6523      hIoni
0.780082   24      14.3632      27.8264      hIoni
0.783797   25      14.3862      22.6122      hIoni
0.787038   26      14.4026      17.7805      hIoni
0.789896   27      14.4151      13.4081      hIoni
0.792464   28      14.425      9.21694      hIoni
0.794794   29      14.4315      4.97928      hIoni
0.796661   30      14.4363      0.0643781      hIoni
0.0168374   2      -0.6      599.999      hIoni
0.144312   3      2.42837      515.843      hIoni
0.24983   4      4.84651      441.302      hIoni
0.336512   5      6.74872      380.67      hIoni
0.408391   6      8.25781      332.629      hIoni
0.468933   7      9.461      287.843      hIoni
0.519289   8      10.4063      250.745      hIoni
0.561538   9      11.1666      220.475      hIoni
0.597428   10      11.7798      192.286      hIoni
0.627626   11      12.2644      167.057      hIoni
0.652939   12      12.6484      146.572      hIoni
0.674447   13      12.9601      128.121      hIoni
0.692668   14      13.2027      112.002      hIoni
0.708137   15      13.3944      97.9066      hIoni
0.721303   16      13.5477      85.2051      hIoni
0.732482   17      13.6794      74.2509      hIoni
0.742026   18      13.7844      64.3002      hIoni
0.750153   19      13.8687      55.3432      hIoni
0.757066   20      13.9364      48.2241      hIoni
0.763063   21      13.9906      40.8044      hIoni
0.768162   22      14.034      34.0224      hIoni
0.772506   23      14.0679      28.2848      hIoni
0.776266   24      14.0946      23.3756      hIoni
0.779573   25      14.116      18.7743      hIoni
0.782505   26      14.1332      14.154      hIoni
0.785118   27      14.1465      9.67865      hIoni
0.787475   28      14.1563      5.20688      hIoni
0.789392   29      14.1623      0.630017      hIoni
0.0168374   2      -0.6      600      hIoni
0.144312   3      2.42838      520.004      hIoni
0.2509   4      4.87438      446.956      protonInelastic
0.0168374   2      -0.6      599.999      hIoni
0.144312   3      2.42838      518.229      hIoni
0.250443   4      4.85731      447.848      hIoni
0.338753   5      6.79798      385.298      hIoni
0.411743   6      8.31666      336.683      hIoni
0.473227   7      9.54058      292.644      hIoni
0.524655   8      10.5248      255.24      hIoni
0.567869   9      11.3072      222.504      hIoni
0.604177   10      11.9285      193.612      hIoni
0.634637   11      12.4143      168.774      hIoni
0.660276   12      12.8105      147.052      hIoni
0.681872   13      13.1297      128.109      hIoni
0.700091   14      13.3874      111.145      hIoni
0.715417   15      13.5925      97.1189      hIoni
0.728456   16      13.7564      85.0297      hIoni
0.739609   17      13.8891      73.768      hIoni
0.749083   18      13.9946      63.5983      hIoni
0.757112   19      14.0776      54.9171      hIoni
0.76397   20      14.1441      46.4913      hIoni
0.76975   21      14.1957      39.381      hIoni
0.774686   22      14.2364      32.9747      hIoni
0.77892   23      14.2688      27.5786      hIoni
0.782612   24      14.295      22.8964      hIoni
0.785877   25      14.3161      18.086      hIoni
0.788757   26      14.3327      13.7059      hIoni
0.791343   27      14.3457      9.14669      hIoni
0.793669   28      14.3553      4.63879      hIoni
0.0168374   2      -0.6      599.999      hadElastic
0.106732   3      1.53559      543.749      hIoni
0.219456   4      4.13704      468.923      protonInelastic
