0.0168374   2      -0.6      599.998      protonInelastic
0.0168374   2      -0.6      599.999      hIoni
0.144312   3      2.42837      516.638      hIoni
0.250034   4      4.84215      444.064      hIoni
0.337402   5      6.75842      386.11      hadElastic
0.36379   6      7.31547      367.793      hIoni
0.432593   7      8.74912      320.339      hIoni
0.4903   8      9.89801      278.966      hIoni
0.538687   9      10.82      243.884      hIoni
0.579474   10      11.5591      213.035      hIoni
0.613838   11      12.1528      185.346      hIoni
0.642672   12      12.6255      163.572      hIoni
0.667327   13      13.0114      142.206      hIoni
0.688045   14      13.3181      124.602      hIoni
0.705655   15      13.5645      108.284      hIoni
0.720507   16      13.7591      94.6312      hIoni
0.733152   17      13.9164      82.9471      hIoni
0.743988   18      14.0442      70.9432      hIoni
0.753054   19      14.1439      61.3142      hIoni
0.760769   20      14.2236      52.608      hIoni
0.767324   21      14.2864      45.3423      hIoni
0.772964   22      14.3371      38.574      hIoni
0.777808   23      14.3773      32.8777      hIoni
0.782032   24      14.4096      27.1337      hIoni
0.785681   25      14.435      22.1641      hIoni
0.788884   26      14.4551      17.5997      hIoni
0.791729   27      14.471      12.8579      hIoni
0.794264   28      14.4832      8.64513      hIoni
0.79656   29      14.4923      4.39803      hIoni
0.0168374   2      -0.6      599.999      hadElastic
0.0380612   3      -0.0957917      585.303      hadElastic
0.111161   4      1.62588      535.846      hadElastic
0.147376   5      2.46201      514.102      hIoni
0.252447   6      4.85258      443.762      hIoni
0.33974   7      6.75771      382.329      hIoni
0.412017   8      8.25753      329.138      hadElastic
0.429814   9      8.60587      316.799      hIoni
0.48671   10      9.69978      274.631      hIoni
0.534142   11      10.5494      238.263      hIoni
0.573739   12      11.2188      209.517      hIoni
0.607388   13      11.7625      183.339      hIoni
0.63583   14      12.1965      160.687      hIoni
0.659944   15      12.5405      139.619      hIoni
0.680197   16      12.8163      122.277      hIoni
0.697407   17      13.0336      106.515      hIoni
0.711967   18      13.2097      91.723      hIoni
0.724155   19      13.3475      80.1758      hIoni
0.734574   20      13.4583      69.7782      hIoni
0.743472   21      13.5452      60.1787      hIoni
0.751033   22      13.6107      51.9231      hIoni
0.7575   23      13.6609      44.9492      hIoni
0.763092   24      13.6994      38.4147      hIoni
0.767918   25      13.7317      32.442      hIoni
0.772096   26      13.7583      27.1498      hIoni
0.775747   27      13.7804      22.4404      hIoni
0.778973   28      13.798      17.945      hIoni
0.781843   29      13.8124      13.5667      hIoni
0.784421   30      13.8232      9.03536      hIoni
0.78674   31      13.831      4.66251      hIoni
0.788515   32      13.8352      0.0409663      hIoni
0.0168374   2      -0.6      599.999      hIoni
0.144312   3      2.42838      518.229      hIoni
0.250443   4      4.8583      448.884      hIoni
0.339011   5      6.81242      387.135      hIoni
0.412444   6      8.35757      337.193      hIoni
0.474046   7      9.59832      293.01      hIoni
0.525556   8      10.5973      255.704      hIoni
0.568869   9      11.4      223.184      hIoni
0.605318   10      12.0367      196.309      hIoni
0.636314   11      12.5551      170.392      hIoni
0.66226   12      12.9611      148.284      hIoni
0.684081   13      13.2842      128.859      hIoni
0.702431   14      13.543      111.471      hIoni
0.717811   15      13.7483      96.9631      hIoni
0.730826   16      13.9109      84.6619      hIoni
0.741923   17      14.0418      73.781      hIoni
0.751398   18      14.1467      63.6369      hIoni
0.759433   19      14.2302      55.0636      hIoni
0.766309   20      14.295      47.2225      hIoni
0.772181   21      14.3466      40.4812      hIoni
0.777243   22      14.3877      34.0996      hIoni
0.781596   23      14.4205      28.4234      hIoni
0.785369   24      14.4463      23.132      hIoni
0.788654   25      14.467      18.4974      hIoni
0.791565   26      14.4829      14.3106      hIoni
0.794188   27      14.4953      9.94295      hIoni
0.79656   28      14.5052      5.59937      hIoni
0.798547   29      14.5111      0.702004      hIoni
0.0168374   2      -0.6      600      hIoni
0.144312   3      2.42837      517.331      hIoni
0.250212   4      4.84245      449.527      hIoni
0.338941   5      6.78479      389.158      hIoni
0.412861   6      8.32791      336.913      hIoni
0.474398   7      9.53164      291.955      hIoni
0.525671   8      10.4914      254.118      hIoni
0.568644   9      11.2584      222.092      hIoni
0.604867   10      11.8689      192.931      hIoni
0.635192   11      12.3559      170.672      hIoni
0.661192   12      12.7591      150.127      hIoni
0.68335   13      13.0813      130.54      hIoni
0.701994   14      13.3339      113.521      hIoni
0.717717   15      13.5322      99.4499      hIoni
0.73113   16      13.6942      86.4533      hIoni
0.7425   17      13.8265      75.4041      hIoni
0.752213   18      13.9309      65.527      hIoni
0.760511   19      14.0153      56.5677      hIoni
0.767586   20      14.0838      48.4601      hIoni
0.773612   21      14.1384      41.1412      hIoni
0.778751   22      14.1817      34.77      hIoni
0.783175   23      14.216      28.7744      hIoni
0.786983   24      14.2427      23.9905      hIoni
0.790344   25      14.2644      19.0702      hIoni
0.793298   26      14.2814      14.7941      hIoni
0.795951   27      14.2946      10.4761      hIoni
0.798353   28      14.304      6.05841      hIoni
0.800413   29      14.3107      1.43673      hIoni
