0.0168374   2      -0.6      600      hIoni
0.144312   3      2.42839      517.746      hadElastic
0.234926   4      4.50462      457.493      hIoni
0.325644   5      6.51834      397.525      hIoni
0.401587   6      8.13929      344.815      hadElastic
0.418945   7      8.49212      332.579      hIoni
0.479475   8      9.70405      288.752      hIoni
0.530033   9      10.6729      248.98      hIoni
0.571905   10      11.3807      217.867      hIoni
0.607258   11      11.9298      191.231      hIoni
0.637248   12      12.3936      167.185      hIoni
0.662585   13      12.7553      146.255      hIoni
0.684036   14      13.0497      127.768      hIoni
0.702196   15      13.2839      111.073      hIoni
0.71751   16      13.4716      97.765      protonInelastic
0.0168374   2      -0.6      600      hIoni
0.144312   3      2.42838      518.109      hIoni
0.250412   4      4.85918      447.261      hadElastic
0.313466   5      6.24755      403.371      hIoni
0.390827   6      7.90131      350.33      hadElastic
0.421205   7      8.52247      328.094      hIoni
0.480697   8      9.69826      285.767      hIoni
0.530591   9      10.6518      247.955      hIoni
0.572244   10      11.4156      215.985      hIoni
0.607212   11      12.0251      187.042      hIoni
0.636377   12      12.5078      164.472      hIoni
0.661202   13      12.8798      143.879      hIoni
0.682222   14      13.1717      126.049      hIoni
0.700082   15      13.4105      109.492      hIoni
0.715134   16      13.5946      94.9913      hIoni
0.727836   17      13.7424      82.6501      protonInelastic
0.0168374   2      -0.6      599.999      hIoni
0.144312   3      2.42839      513.24      protonInelastic
0.0168374   3      -0.6      599.998      hadElastic
0.141665   4      2.3655      522.165      protonInelastic
0.0168374   2      -0.6      600      hIoni
0.144312   3      2.42838      515.309      hIoni
0.249693   4      4.83808      443.636      hIoni
0.336955   5      6.75434      382.218      hIoni
0.409205   6      8.27689      331.103      hIoni
0.469394   7      9.48998      289.259      hIoni
0.520065   8      10.458      250.253      hIoni
0.562209   9      11.2226      218.412      hIoni
0.597674   10      11.8361      192.218      hIoni
0.627859   11      12.338      165.625      hIoni
0.652901   12      12.7307      144.824      hIoni
0.674092   13      13.0474      125.881      hIoni
0.691924   14      13.2987      108.516      hIoni
0.706814   15      13.4961      94.3164      hIoni
0.719409   16      13.6536      82.0611      hIoni
0.730111   17      13.7793      70.7242      hIoni
0.739145   18      13.8786      61.1775      hIoni
0.746842   19      13.9579      52.7948      hIoni
0.753422   20      14.0141      45.5915      hIoni
0.759092   21      14.061      38.6353      hIoni
0.763943   22      14.0988      32.4864      hIoni
0.768126   23      14.1282      27.0753      hIoni
0.771769   24      14.152      21.8915      hIoni
0.774949   25      14.1704      17.0335      hIoni
0.777754   26      14.1845      12.6713      hIoni
0.780278   27      14.1956      8.70778      hIoni
0.782578   28      14.204      4.27825      hIoni
