0.0168374   2      -0.6      600      hIoni
0.144312   3      2.42838      517.419      hIoni
0.250235   4      4.85571      445.406      hadElastic
0.291465   5      5.76418      417.721      hIoni
0.37233   6      7.51007      365.225      hadElastic
0.379404   7      7.65434      360.478      protonInelastic
0.0168374   2      -0.6      599.999      hIoni
0.144312   3      2.42837      518.828      protonInelastic
0.0168374   2      -0.6      599.999      hadElastic
0.023425   3      -0.443499      596.116      hIoni
0.149872   4      2.53496      513.313      hIoni
0.254741   5      4.9256      445.804      hIoni
0.342542   6      6.85348      387.033      hadElastic
0.379404   7      7.62208      361.982      hIoni
0.446828   8      8.98377      313.848      hIoni
0.503049   9      10.0607      273.532      hIoni
0.550239   10      10.8233      239.331      hIoni
0.590062   11      11.4064      209.624      hIoni
0.623733   12      11.8634      181.373      hIoni
0.651792   13      12.235      159.781      hIoni
0.675736   14      12.5502      138.817      hIoni
0.695846   15      12.7858      121.325      hIoni
0.712893   16      12.9726      105.429      hIoni
0.727275   17      13.1318      91.5373      hIoni
0.739433   18      13.2618      79.7436      hIoni
0.749788   19      13.3794      69.6588      hIoni
0.758669   20      13.4744      59.7408      hIoni
0.76617   21      13.5482      51.6573      hIoni
0.772603   22      13.6074      43.9655      hIoni
0.778076   23      13.6538      37.1834      hIoni
0.782764   24      13.6905      31.6191      hIoni
0.786858   25      13.7203      26.1274      hIoni
0.790412   26      13.744      21.1469      hIoni
0.793531   27      13.7624      16.317      hIoni
0.796285   28      13.7773      12.1974      hIoni
0.798782   29      13.7888      7.82461      hIoni
0.801023   30      13.7971      3.3858      hIoni
0.0168374   3      -0.6      599.978      hIoni
0.144306   4      2.42822      519.034      hIoni
0.250644   5      4.84442      448.262      hIoni
0.339057   6      6.78709      389.566      hIoni
0.413076   7      8.35344      337.516      hIoni
0.474753   8      9.6061      291.181      protonInelastic
0.0168374   2      -0.6      599.999      hIoni
0.144312   3      2.42837      513.887      hIoni
0.249328   4      4.82192      444.966      hIoni
0.33692   5      6.73329      383.099      hIoni
0.409382   6      8.25365      330.293      hadElastic
0.430972   7      8.68586      315.607      hIoni
0.487595   8      9.80832      273.46      hIoni
0.53477   9      10.6986      238.508      hIoni
0.574419   10      11.4063      206.97      hIoni
0.607553   11      11.9672      180.913      hadElastic
0.615132   12      12.0897      175.038      hIoni
0.641968   13      12.5151      152.781      hIoni
0.664613   14      12.8555      134.057      hIoni
0.683876   15      13.1325      116.881      hIoni
0.700166   16      13.3493      101.786      hIoni
0.713955   17      13.5221      88.8382      hIoni
0.725693   18      13.6573      78.0526      hIoni
0.735796   19      13.7658      67.7533      hIoni
0.744407   20      13.8521      58.5877      hIoni
0.751753   21      13.9191      50.6745      hIoni
0.758059   22      13.9747      43.4581      hIoni
0.763472   23      14.0181      37.273      hIoni
0.76817   24      14.0536      31.3799      hIoni
0.772238   25      14.0814      26.0243      hIoni
0.775783   26      14.1045      20.9752      hIoni
0.778888   27      14.1231      16.1101      hIoni
0.781628   28      14.1373      12.0204      hIoni
0.784115   29      14.1487      7.85736      hIoni
0.786358   30      14.1572      3.30682      hIoni
