0.0168374   2      -0.6      600      protonInelastic
0.0168374   2      -0.6      599.999      protonInelastic
0.0168374   2      -0.6      599.999      hIoni
0.144312   3      2.42837      517.489      hIoni
0.250253   4      4.85342      447.238      hIoni
0.338411   5      6.7939      384.347      hIoni
0.411173   6      8.33012      331.377      hIoni
0.471425   7      9.54403      287.759      hIoni
0.521762   8      10.5145      249.569      hadElastic
0.550677   9      11.0435      227.299      hIoni
0.587978   10      11.7027      197.473      hIoni
0.619206   11      12.2198      172.304      hIoni
0.645518   12      12.6266      150.777      protonInelastic
0.0168374   2      -0.6      600      hIoni
0.144312   3      2.42838      518.309      hIoni
0.250463   4      4.86195      448.341      hIoni
0.338896   5      6.80722      386.196      hIoni
0.412103   6      8.33952      335.006      hadElastic
0.450505   7      9.09164      309.772      hIoni
0.505797   8      10.1714      268.208      hIoni
0.551822   9      11.0276      230.468      hIoni
0.589784   10      11.7002      201.926      hIoni
0.621902   11      12.2433      175.226      hIoni
0.648774   12      12.6703      153.239      hIoni
0.671503   13      13.0137      133.282      hIoni
0.69063   14      13.2796      115.719      hIoni
0.706723   15      13.4919      101.39      hIoni
0.720448   16      13.6585      87.9724      hIoni
0.732053   17      13.7929      76.1288      hIoni
0.741872   18      13.8982      66.7213      hIoni
0.750337   19      13.9828      58.0901      hIoni
0.757616   20      14.0529      50.406      hIoni
0.763888   21      14.1115      43.6828      hIoni
0.769327   22      14.1566      37.0812      hIoni
0.774004   23      14.193      30.9819      hIoni
0.778032   24      14.2223      25.8895      hIoni
0.781565   25      14.2464      21.2715      hIoni
0.784693   26      14.266      16.9737      hIoni
0.787493   27      14.2817      12.58      hIoni
0.790012   28      14.2939      8.2671      hIoni
0.792284   29      14.3029      3.72659      hIoni
0.0168374   2      -0.6      600      hadElastic
0.0927335   3      1.20304      552.762      protonInelastic
