0.0168374   2      -0.6      599.999      hIoni
0.144312   3      2.42837      519.235      protonInelastic
0.0168374   2      -0.6      600      hIoni
0.144312   3      2.42837      516.729      protonInelastic
0.0168374   2      -0.6      600      protonInelastic
0.0168374   2      -0.6      600      hIoni
0.144312   3      2.42838      514.424      protonInelastic
0.0168374   2      -0.6      600      hIoni
0.144312   3      2.42838      517.694      hIoni
0.250305   4      4.82993      446.195      hIoni
0.338204   5      6.73661      384.989      hIoni
0.41112   6      8.24948      335.103      hIoni
0.472236   7      9.46672      289.462      hIoni
0.522953   8      10.4355      252.355      hIoni
0.565547   9      11.217      218.189      hIoni
0.600966   10      11.8356      190.881      hIoni
0.630887   11      12.3342      167.068      hIoni
0.656202   12      12.7352      145.761      protonInelastic
