0.0168374   2      -0.6      599.999      hIoni
0.144312   3      2.42838      516.182      hIoni
0.249917   4      4.81376      449.769      hIoni
0.338706   5      6.73546      391.534      protonInelastic
0.0168374   2      -0.6      600      protonInelastic
0.0168374   2      -0.6      599.999      protonInelastic
0.0168374   2      -0.6      599.999      hIoni
0.144312   3      2.42838      514.912      protonInelastic
0.0168374   2      -0.6      600      hIoni
0.144312   3      2.42838      512.563      hIoni
0.248988   4      4.82213      440.316      hIoni
0.335426   5      6.7046      378.412      hIoni
0.406763   6      8.18008      330.25      hIoni
0.466754   7      9.36067      287.2      protonInelastic
