0.0168374   2      -0.6      599.999      hIoni
0.144312   3      2.42838      515.746      hIoni
0.249805   4      4.84178      446.21      hIoni
0.337707   5      6.76443      386.544      hIoni
0.410997   6      8.30415      334.581      hIoni
0.471992   7      9.52446      291.822      hIoni
0.523236   8      10.502      255.037      hIoni
0.566406   9      11.28      221.985      hIoni
0.602607   10      11.9049      191.525      hIoni
0.632655   11      12.3956      169.613      hIoni
0.658453   12      12.8      147.512      hIoni
0.680133   13      13.1164      129.519      hIoni
0.698598   14      13.3737      112.477      hIoni
0.714146   15      13.5797      98.398      hIoni
0.72739   16      13.7464      84.9865      hIoni
0.738537   17      13.8791      74.7903      hIoni
0.748159   18      13.9857      64.674      hIoni
0.756338   19      14.0686      55.7931      hIoni
0.763311   20      14.1335      47.713      hIoni
0.769243   21      14.1854      40.9405      hIoni
0.774358   22      14.2263      34.632      hIoni
0.778768   23      14.2589      29.1181      hIoni
0.782609   24      14.2839      24.2692      hIoni
0.785995   25      14.3048      19.4125      hIoni
0.788975   26      14.3216      14.7433      hIoni
0.791626   27      14.3331      10.3993      hIoni
0.794023   28      14.3414      5.99077      hIoni
0.796073   29      14.3469      1.3536      hIoni
0.0168374   2      -0.6      600      hIoni
0.144312   3      2.42838      520.864      protonInelastic
0.0168374   2      -0.6      599.999      hIoni
0.144312   3      2.42838      519.997      hIoni
0.250897   4      4.87232      448.518      hIoni
0.339374   5      6.8093      387.975      hIoni
0.413009   6      8.31358      338.361      hIoni
0.474883   7      9.52835      296.955      hIoni
0.527278   8      10.5154      257.025      hIoni
0.570877   9      11.2981      222.531      hIoni
0.60719   10      11.9309      195.464      hIoni
0.638018   11      12.4396      169.462      hIoni
0.663787   12      12.8469      147.421      hIoni
0.685451   13      13.1684      128.705      hIoni
0.703773   14      13.4234      111.993      hIoni
0.719241   15      13.625      98.2777      hIoni
0.732466   16      13.7908      86.0083      hIoni
0.743768   17      13.9247      74.0237      hIoni
0.753279   18      14.0298      64.915      hIoni
0.761491   19      14.1161      55.8804      hIoni
0.768476   20      14.1835      47.6899      hIoni
0.774405   21      14.2357      40.5528      hIoni
0.779475   22      14.2765      34.3803      hIoni
0.783858   23      14.3087      28.6539      hIoni
0.787654   24      14.3337      23.5806      hIoni
0.790979   25      14.3537      18.5346      hIoni
0.793892   26      14.3689      14.0092      hIoni
0.796497   27      14.3806      9.85333      hIoni
0.798863   28      14.3893      5.57824      hIoni
0.800847   29      14.3927      0.899962      hIoni
0.0168374   2      -0.6      599.999      hIoni
0.144312   3      2.42837      518.308      hadElastic
0.220016   4      4.16218      470.283      hIoni
0.313944   5      6.25796      406.069      hIoni
0.391963   6      7.92744      355.554      protonInelastic
0.0168374   2      -0.6      600      hIoni
0.144312   3      2.42838      519.214      hIoni
0.250696   4      4.863      446.62      hIoni
0.338701   5      6.78611      384.177      hIoni
0.411422   6      8.2875      333.441      hIoni
0.472152   7      9.48402      288.091      hIoni
0.522563   8      10.4225      249.512      hIoni
0.564548   9      11.1753      217.882      hIoni
0.599905   10      11.7854      191.087      hIoni
0.629866   11      12.275      168.105      hIoni
0.655378   12      12.6762      146.689      hIoni
0.676908   13      12.995      128.39      hIoni
0.695175   14      13.2507      112.058      hIoni
0.710654   15      13.4552      97.3534      hIoni
0.723731   16      13.6191      85.1907      hIoni
0.734908   17      13.7508      73.6053      hIoni
0.744358   18      13.8548      64.1963      hIoni
0.752471   19      13.9384      54.9597      hIoni
0.759333   20      14.0039      47.1356      hIoni
0.765194   21      14.0559      40.3692      hIoni
0.770243   22      14.0968      33.9924      hIoni
0.774584   23      14.1282      28.5051      hIoni
0.778366   24      14.1522      23.5623      hIoni
0.781689   25      14.1713      18.7481      hIoni
0.784618   26      14.1869      14.2484      hIoni
0.787238   27      14.1985      10.1563      hIoni
0.789621   28      14.207      5.74253      hIoni
0.791632   29      14.213      1.05479      hIoni
