0.0168374   2      -0.6      599.999      protonInelastic
0.0168374   2      -0.6      599.999      hIoni
0.144312   3      2.42837      517.094      hIoni
0.250151   4      4.85492      444.995      hadElastic
0.320598   5      6.40711      395.695      hIoni
0.396098   6      7.94487      346.633      hadElastic
0.421353   7      8.43621      329.885      hIoni
0.481259   8      9.55838      285.842      hIoni
0.53117   9      10.4519      249.674      hIoni
0.57319   10      11.1515      217.384      hIoni
0.608444   11      11.6837      189.133      hIoni
0.63802   12      12.1209      164.564      hIoni
0.662862   13      12.4682      144.363      hIoni
0.683969   14      12.7452      126.272      hIoni
0.701869   15      12.9693      110.627      hIoni
0.717109   16      13.1455      96.0612      hIoni
0.72998   17      13.286      83.2991      hIoni
0.74087   18      13.4019      72.3962      hIoni
0.750144   19      13.4952      62.6561      hIoni
0.758044   20      13.5704      54.506      hIoni
0.764847   21      13.633      46.7012      hIoni
0.770654   22      13.6836      39.5459      hIoni
0.775608   23      13.7242      33.7471      hIoni
0.779923   24      13.7573      28.1398      hIoni
0.783669   25      13.7837      22.9414      hIoni
0.786938   26      13.8044      18.3479      hIoni
0.789838   27      13.8208      13.7237      hIoni
0.792425   28      13.8334      9.44238      hIoni
0.794768   29      13.8428      5.04499      hIoni
0.796651   30      13.8483      0.300349      hIoni
0.0168374   2      -0.6      600      hIoni
0.144312   3      2.42838      515.523      protonInelastic
0.0168374   2      -0.6      599.999      protonInelastic
0.0168374   2      -0.6      599.998      protonInelastic
