0.0168374   3      -0.6      599.998      hIoni
0.144312   4      2.42837      520.506      protonInelastic
0.0168374   3      -0.6      599.999      hIoni
0.144312   4      2.42837      517.398      hIoni
0.250229   5      4.85642      446.778      hIoni
0.338273   6      6.79423      386.424      hIoni
0.411534   7      8.3211      338.35      hIoni
0.473406   8      9.55616      294.841      protonInelastic
0.0168374   3      -0.6      599.998      hIoni
0.144312   4      2.42837      518.007      hIoni
0.250385   5      4.85167      446.514      hIoni
0.338363   6      6.77878      388.34      hIoni
0.412086   7      8.32022      335.352      hIoni
0.47326   8      9.54623      294.198      hIoni
0.525036   9      10.5342      257.231      hIoni
0.568679   10      11.3022      225.321      hIoni
0.60557   11      11.9228      196.881      protonInelastic
0.0168374   2      -0.6      599.999      hadElastic
0.094391   3      1.24242      549.635      hIoni
0.208645   4      3.89823      470.93      hIoni
0.302737   5      5.90092      405.846      hIoni
0.380701   6      7.47591      351.987      hIoni
0.445765   7      8.73037      305.465      protonInelastic
0.0168374   2      -0.6      599.999      protonInelastic
