0.0168374   2      -0.6      599.999      hIoni
0.144312   3      2.42837      522.468      protonInelastic
0.0168374   2      -0.6      600      hIoni
0.144312   3      2.42838      516.572      hadElastic
0.193677   4      3.55259      484.969      hIoni
0.291317   5      5.73223      420.535      hIoni
0.372872   6      7.49502      360.905      protonInelastic
0.0168374   3      -0.6      599.998      hIoni
0.144312   4      2.42836      517.32      protonInelastic
0.0168374   2      -0.6      599.999      hIoni
0.144312   3      2.42838      514.193      hIoni
0.249406   4      4.77015      442.242      hIoni
0.336322   5      6.55726      384.72      hIoni
0.409173   6      8.0036      334.668      hIoni
0.470189   7      9.18339      291.124      hIoni
0.521276   8      10.1626      255.285      hIoni
0.5645   9      10.944      220.355      hIoni
0.600365   10      11.5606      191.341      hIoni
0.630376   11      12.0514      165.126      hIoni
0.655324   12      12.4358      144.146      hIoni
0.676392   13      12.7392      125.861      hIoni
0.69422   14      12.9857      109.987      hIoni
0.709354   15      13.1842      94.854      hIoni
0.722034   16      13.3386      82.5682      hIoni
0.732813   17      13.4635      72.1612      hIoni
0.742054   18      13.5633      62.7039      hIoni
0.74996   19      13.6436      54.5885      hIoni
0.756774   20      13.7073      46.5615      hIoni
0.762563   21      13.7582      40.1136      hIoni
0.767583   22      13.8      34.0166      hIoni
0.771927   23      13.8334      28.4481      hIoni
0.775702   24      13.8594      23.3968      hIoni
0.779011   25      13.8797      18.7258      hIoni
0.781939   26      13.8958      14.1382      hIoni
0.784551   27      13.9077      9.4417      hIoni
0.786895   28      13.9151      4.97618      hIoni
0.78876   29      13.9193      0.178045      hIoni
0.0168374   2      -0.6      600      hIoni
0.144312   3      2.42838      516.947      hIoni
0.250113   4      4.83595      446.551      hIoni
0.338101   5      6.72006      386.814      hIoni
0.411456   6      8.22828      337.048      hIoni
0.473024   7      9.43502      294.489      protonInelastic
