0.0168374   2      -0.6      600      protonInelastic
0.0168374   2      -0.6      599.999      hIoni
0.144312   3      2.42838      515.911      protonInelastic
0.0168374   2      -0.6      599.999      hadElastic
0.068127   3      0.618474      568.818      hIoni
0.18739   4      3.41717      489.874      hadElastic
0.258591   5      5.02406      441.939      hIoni
0.345431   6      6.92644      381.769      hIoni
0.417574   7      8.43313      332.012      hIoni
0.477973   8      9.64471      288.257      hIoni
0.528421   9      10.6166      251.305      hIoni
0.57079   10      11.3926      217.352      hIoni
0.606038   11      12.0027      190.738      hIoni
0.63593   12      12.4837      167.2      hIoni
0.66127   13      12.8685      145.526      hIoni
0.682588   14      13.1722      128.145      hIoni
0.700813   15      13.421      111.761      hIoni
0.716242   16      13.6186      96.6843      hIoni
0.729213   17      13.7728      83.8085      hIoni
0.74018   18      13.8951      72.777      hIoni
0.749509   19      13.9933      62.7387      hIoni
0.75742   20      14.0704      54.1238      hIoni
0.764173   21      14.1302      47.0337      hIoni
0.770021   22      14.1769      40.0933      hIoni
0.775038   23      14.2156      34.0107      hIoni
0.779382   24      14.2489      28.3818      hIoni
0.783151   25      14.2755      23.3841      hIoni
0.786458   26      14.297      18.5684      hIoni
0.789375   27      14.314      14.3593      hIoni
0.792001   28      14.3275      10.1571      hIoni
0.794384   29      14.3378      5.95294      hIoni
0.796429   30      14.3444      1.22988      hIoni
0.0168374   2      -0.6      599.999      protonInelastic
0.0168374   2      -0.6      600      hadElastic
0.121974   3      1.8977      534.427      hIoni
0.232282   4      4.39701      459.865      protonInelastic
