0.0168374   2      -0.6      600      hIoni
0.144312   3      2.42837      514.952      protonInelastic
0.0168374   2      -0.6      599.999      hIoni
0.144312   3      2.42838      512.982      hIoni
0.249095   4      4.82219      439.843      hIoni
0.335416   5      6.71384      385.797      protonInelastic
0.0168374   2      -0.6      599.999      hadElastic
0.115961   3      1.75485      537.525      hIoni
0.227071   4      4.31887      460.483      hIoni
0.318538   5      6.34784      398.513      hIoni
0.39472   6      7.97137      348.301      protonInelastic
0.0168374   2      -0.6      600      hIoni
0.144312   3      2.42838      517.821      protonInelastic
0.0168374   2      -0.6      599.999      hIoni
0.144312   3      2.42838      515.959      hIoni
0.249859   4      4.84341      444.397      hIoni
0.337311   5      6.76886      385.031      protonInelastic
