0.0168374   2      -0.6      599.999      hIoni
0.144312   3      2.42837      518.089      hIoni
0.250407   4      4.86104      444.746      hadElastic
0.332476   5      6.66733      386.257      protonInelastic
0.0168374   2      -0.6      600      protonInelastic
0.0168374   2      -0.6      600      hIoni
0.144312   3      2.42838      512.178      hIoni
0.248889   4      4.81434      445.69      hIoni
0.336662   5      6.72108      381.136      hIoni
0.408653   6      8.20726      331.601      protonInelastic
0.0168374   2      -0.6      599.999      hIoni
0.144312   3      2.42837      519.434      hIoni
0.250753   4      4.86749      446.509      hIoni
0.338729   5      6.80352      384.584      protonInelastic
0.0168374   2      -0.6      600      hIoni
0.144312   3      2.42838      516.012      protonInelastic
