0.0168374   2      -0.6      599.999      hIoni
0.144312   3      2.42838      520.089      hIoni
0.250921   4      4.87362      451.1      hIoni
0.340042   5      6.83011      389.739      hIoni
0.414102   6      8.37268      341.065      hIoni
0.476606   7      9.62089      294.2      protonInelastic
0.0168374   2      -0.6      600      protonInelastic
0.0168374   2      -0.6      600      hadElastic
0.0192612   3      -0.542416      598.629      hIoni
0.146373   4      2.47726      517.452      hIoni
0.252304   5      4.90659      447.292      hadElastic
0.262431   6      5.12968      441.299      hIoni
0.349112   7      7.03474      379.336      hIoni
0.420671   8      8.54125      329.651      hIoni
0.480524   9      9.74766      284.65      protonInelastic
0.0168374   2      -0.6      600      hIoni
0.144312   3      2.42838      513.422      protonInelastic
0.0168374   2      -0.6      599.999      hIoni
0.144312   3      2.42838      517.584      hIoni
0.250277   4      4.85814      447.572      hadElastic
0.281628   5      5.54705      426.435      protonInelastic
