0.0168374   2      -0.6      599.999      protonInelastic
0.0168374   2      -0.6      600      hIoni
0.144312   3      2.42838      516.012      hIoni
0.249873   4      4.84366      438.903      hIoni
0.335961   5      6.73084      378.753      hIoni
0.40738   6      8.22678      327.343      hIoni
0.466699   7      9.41023      283.477      protonInelastic
0.0168374   2      -0.6      600      hIoni
0.144312   3      2.42839      518.773      hIoni
0.250583   4      4.83895      450.387      hIoni
0.339526   5      6.78066      390.904      hIoni
0.413867   6      8.33909      338.417      hadElastic
0.414936   7      8.36063      337.797      hIoni
0.476679   8      9.61337      293.281      protonInelastic
0.0168374   2      -0.6      599.999      hIoni
0.144312   3      2.42837      517.193      hIoni
0.250176   4      4.83789      448.693      hIoni
0.338697   5      6.78932      386.675      hIoni
0.412019   6      8.33749      333.578      hIoni
0.472781   7      9.52935      289.304      hIoni
0.523463   8      10.487      250.39      hIoni
0.565636   9      11.2355      219.201      hIoni
0.601263   10      11.841      190.995      hIoni
0.631206   11      12.3289      164.799      hIoni
0.656092   12      12.6853      144.168      hIoni
0.677165   13      12.971      125.654      hIoni
0.694957   14      13.1966      108.926      hIoni
0.709915   15      13.381      94.7302      hIoni
0.722575   16      13.5252      82.6299      hIoni
0.733364   17      13.6393      71.9533      hIoni
0.742574   18      13.7306      61.6835      hIoni
0.75034   19      13.7994      53.4525      hIoni
0.757005   20      13.8554      46.1771      hIoni
0.762748   21      13.8995      39.6103      hIoni
0.767709   22      13.9358      33.4854      hIoni
0.771997   23      13.9657      28.2581      hIoni
0.775754   24      13.9883      22.9766      hIoni
0.779026   25      14.0069      18.5149      hIoni
0.781938   26      14.0218      14.0504      hIoni
0.784545   27      14.0337      9.50572      hIoni
0.786893   28      14.0421      5.10957      hIoni
0.788789   29      14.0473      0.261632      hIoni
0.0168374   2      -0.6      599.999      hIoni
0.144312   3      2.42838      513.424      hIoni
0.249209   4      4.82263      440.659      hIoni
0.335732   5      6.70722      380.422      hIoni
0.407551   6      8.20567      330.987      hIoni
0.467713   7      9.40673      288.631      hIoni
0.518244   8      10.372      252.079      hIoni
0.560779   9      11.1512      218.59      hIoni
0.596281   10      11.7625      192.113      protonInelastic
