0.0168374   2      -0.6      599.999      hadElastic
0.0862026   3      1.04789      556.412      protonInelastic
0.0168374   2      -0.6      600      protonInelastic
0.0168374   2      -0.6      599.999      hIoni
0.144312   3      2.42838      519.915      hIoni
0.250876   4      4.8746      446.746      hIoni
0.338912   5      6.81524      386.97      hIoni
0.412305   6      8.36505      333.338      protonInelastic
0.0168374   2      -0.6      600      protonInelastic
0.0168374   2      -0.6      600      hIoni
0.144312   3      2.42838      517.405      hIoni
0.250231   4      4.85628      443.507      hIoni
0.337461   5      6.77118      386.917      hIoni
0.410841   6      8.30996      334.982      hIoni
0.471929   7      9.53419      292.957      hIoni
0.523427   8      10.5232      255.171      hIoni
0.566627   9      11.3211      222.351      hIoni
0.602903   10      11.9563      193.817      hIoni
0.633404   11      12.4638      169.075      hIoni
0.6591   12      12.8722      148.247      hIoni
0.680914   13      13.2002      128.885      hIoni
0.699268   14      13.4595      111.096      hIoni
0.714586   15      13.6625      96.6911      hadElastic
0.724126   16      13.7821      87.9803      hIoni
0.735731   17      13.9193      75.6513      hIoni
0.74548   18      14.0261      65.288      hIoni
0.753745   19      14.1105      56.1586      hIoni
0.760766   20      14.1763      48.9982      hIoni
0.766859   21      14.2292      41.749      hIoni
0.772069   22      14.2725      35.4783      hIoni
0.77657   23      14.3071      29.7327      hIoni
0.780472   24      14.3346      24.2486      hIoni
0.783856   25      14.3564      19.1074      hIoni
0.786813   26      14.3732      14.76      hIoni
0.789464   27      14.3864      10.47      hIoni
0.791866   28      14.3969      6.26735      hIoni
0.793956   29      14.4039      1.48124      hIoni
