0.0168374   2      -0.6      600      protonInelastic
0.0168374   2      -0.6      599.999      protonInelastic
0.0168374   2      -0.6      599.999      hIoni
0.144312   3      2.42838      516.157      hIoni
0.24991   4      4.8366      448.702      hIoni
0.338433   5      6.77839      387.725      hadElastic
0.357941   6      7.1899      374.759      hIoni
0.428405   7      8.65842      325.581      hIoni
0.487317   8      9.8309      283.14      hIoni
0.536628   9      10.7576      245.628      hIoni
0.577785   10      11.5064      215.641      hIoni
0.612682   11      12.115      189.133      hIoni
0.642259   12      12.6027      166.171      hIoni
0.667404   13      12.9958      144.699      hIoni
0.688572   14      13.3069      126.258      hIoni
0.706469   15      13.5526      110.198      hIoni
0.721638   16      13.7513      96.2823      hIoni
0.734545   17      13.9092      82.5097      hIoni
0.745315   18      14.0332      71.7149      hIoni
0.754491   19      14.0802      62.7473      hIoni
0.762403   20      14.1125      54.0806      hIoni
0.76915   21      14.1351      46.3283      hIoni
0.774911   22      14.1485      39.6002      hIoni
0.779872   23      14.1595      33.4917      hIoni
0.78416   24      14.1682      27.8729      hIoni
0.78788   25      14.1795      23.053      hIoni
0.791159   26      14.1891      18.5456      hIoni
0.794073   27      14.1969      14.1984      hIoni
0.796689   28      14.2024      9.84122      hIoni
0.799056   29      14.2072      5.50746      hIoni
0.801027   30      14.2119      0.765045      hIoni
0.0168374   2      -0.6      600      hIoni
0.144312   3      2.42838      521.463      hadElastic
0.196738   4      3.62813      488.974      protonInelastic
0.0168374   3      -0.6      599.998      hIoni
0.144312   4      2.42837      515.455      hIoni
0.24973   5      4.8394      448.196      hIoni
0.338127   6      6.78634      387.814      hIoni
0.411723   7      8.33511      333.961      hIoni
0.472574   8      9.5572      288.152      hIoni
0.522998   9      10.5248      249.631      hIoni
0.565009   10      11.285      216.252      hIoni
0.600031   11      11.8906      188.755      hIoni
0.629533   12      12.3789      165.165      hIoni
0.654489   13      12.7697      143.016      hIoni
0.675353   14      13.0796      125.594      hIoni
0.693134   15      13.3303      109.787      hIoni
0.708235   16      13.5317      95.3497      protonInelastic
