0.0168374   2      -0.6      600      hIoni
0.144312   3      2.42838      515.541      hIoni
0.249752   4      4.84104      444.493      hIoni
0.337227   5      6.76679      385.941      protonInelastic
0.0168374   2      -0.6      599.999      protonInelastic
0.0168374   2      -0.6      600      protonInelastic
0.0168374   2      -0.6      600      hIoni
0.144312   3      2.42838      513.442      hIoni
0.249213   4      4.82731      441.946      hIoni
0.336056   5      6.72847      383.787      hIoni
0.408683   6      8.24324      334.112      hIoni
0.469569   7      9.44958      288.984      hIoni
0.520179   8      10.3957      251.061      hIoni
0.562496   9      11.1484      216.754      hIoni
0.597621   10      11.7376      188.917      hIoni
0.627155   11      12.2105      165.234      hIoni
0.652123   12      12.5927      143.754      hIoni
0.673121   13      12.8872      125.246      hIoni
0.690842   14      13.1357      109.147      hIoni
0.705837   15      13.3349      95.6172      hIoni
0.718637   16      13.495      83.5177      hIoni
0.72956   17      13.6209      72.5594      hIoni
0.738858   18      13.7223      62.8909      hIoni
0.74679   19      13.8025      54.8139      hIoni
0.753634   20      13.8689      47.1818      protonInelastic
0.0168374   2      -0.6      599.999      hadElastic
0.071821   3      0.70623      563.644      protonInelastic
