0.0168374   2      -0.6      599.999      protonInelastic
0.0168374   2      -0.6      599.999      hIoni
0.144312   3      2.42837      516.183      hIoni
0.249917   4      4.84582      447.663      hIoni
0.338181   5      6.79132      386.418      hIoni
0.411441   6      8.33828      333.724      hIoni
0.472237   7      9.56783      291.89      hIoni
0.523496   8      10.5558      253.652      hIoni
0.566369   9      11.3401      219.064      hIoni
0.601968   10      11.9564      193.334      hIoni
0.632373   11      12.4572      169.966      hIoni
0.658239   12      12.8566      148.27      hIoni
0.680057   13      13.1696      128.868      hIoni
0.698408   14      13.4174      112.602      hIoni
0.713977   15      13.616      99.104      hIoni
0.727334   16      13.7765      86.2069      hIoni
0.738667   17      13.9041      75.8026      hIoni
0.748438   18      13.9906      66.3192      hIoni
0.756847   19      14.0611      56.8875      hIoni
0.763965   20      14.1171      48.488      hIoni
0.769994   21      14.1611      41.4339      hIoni
0.775167   22      14.1948      35.0403      hIoni
0.779621   23      14.22      29.2623      hIoni
0.783476   24      14.2398      23.9521      hIoni
0.786834   25      14.2556      19.1799      hIoni
0.789796   26      14.2687      14.4981      hIoni
0.792431   27      14.2784      10.1896      hIoni
0.794817   28      14.2848      5.901      hIoni
0.796853   29      14.2891      1.14843      hIoni
0.0168374   2      -0.6      599.999      hIoni
0.144312   3      2.42837      517.356      hIoni
0.250218   4      4.85218      444.31      hIoni
0.337648   5      6.76818      388.126      hIoni
0.411319   6      8.28182      341.002      hadElastic
0.468232   7      9.40326      300.373      hIoni
0.521396   8      10.3957      260.646      protonInelastic
0.0168374   2      -0.6      599.998      hIoni
0.144312   3      2.42837      516.815      hIoni
0.250079   4      4.84742      448.666      hIoni
0.338593   5      6.7917      390.547      protonInelastic
0.0168374   2      -0.6      600      hIoni
0.144312   3      2.42838      521.514      hIoni
0.251288   4      4.86537      448.083      hadElastic
0.280989   5      5.51411      428.083      hIoni
0.364401   6      7.31597      373.552      hIoni
0.434576   7      8.78404      326.019      hIoni
0.49359   8      9.9681      286.647      hIoni
0.54368   9      10.9276      248.742      hIoni
0.585501   10      11.6741      217.065      hIoni
0.620689   11      12.2569      187.961      hIoni
0.650035   12      12.7159      163.722      hIoni
0.674718   13      13.0623      141.91      hIoni
0.695383   14      13.3506      124.048      hIoni
0.712898   15      13.5558      108.475      hIoni
0.727781   16      13.7281      93.7377      hIoni
0.740285   17      13.8623      80.7931      hIoni
0.750797   18      13.9668      69.8224      hIoni
0.759701   19      14.0491      60.389      hIoni
0.767291   20      14.1174      52.2881      hIoni
0.773805   21      14.1694      44.7724      hIoni
0.779375   22      14.2079      38.0653      hIoni
0.784162   23      14.2368      32.2047      hIoni
0.788315   24      14.259      26.8763      hIoni
0.79194   25      14.2761      21.7602      hIoni
0.795109   26      14.2893      17.1276      hIoni
0.79792   27      14.3002      13.1443      hIoni
0.800473   28      14.3085      8.72844      hIoni
0.802774   29      14.3154      4.36227      hIoni
