0.0168374   2      -0.6      600      hadElastic
0.138001   3      2.27845      526.393      protonInelastic
0.0168374   2      -0.6      600      protonInelastic
0.0168374   2      -0.6      599.999      hIoni
0.144312   3      2.42837      521.075      hIoni
0.251175   4      4.87946      451.503      hIoni
0.340396   5      6.85059      392.949      protonInelastic
0.0168374   2      -0.6      599.999      hIoni
0.144312   3      2.42837      514.19      protonInelastic
0.0168374   2      -0.6      600      hIoni
0.144312   3      2.42837      517.573      hadElastic
0.169072   4      2.99587      498.367      hIoni
0.270118   5      5.28973      430.246      hadElastic
0.287417   6      5.6673      418.99      hIoni
0.368593   7      7.42482      363.76      hIoni
0.436439   8      8.83305      314.111      hIoni
0.49272   9      9.94565      273.185      protonInelastic
