0.0168374   2      -0.6      600      hIoni
0.144312   3      2.42838      519.923      hIoni
0.250878   4      4.87291      445.922      protonInelastic
0.0168374   2      -0.6      599.999      hIoni
0.144312   3      2.42838      512.968      protonInelastic
0.0168374   2      -0.6      600      hadElastic
0.0708514   3      0.683195      564.87      hIoni
0.189081   4      3.4494      485.064      hIoni
0.286744   5      5.64773      417.743      hadElastic
0.330605   6      6.59194      386.696      hIoni
0.403932   7      8.03598      335.685      hIoni
0.465183   8      9.19388      294.574      hIoni
0.517043   9      10.1442      257.704      hIoni
0.560788   10      10.922      223.47      hIoni
0.597296   11      11.5012      194.129      hIoni
0.627859   12      11.9634      168.724      hIoni
0.653488   13      12.3339      146.499      hIoni
0.674983   14      12.6178      128.63      hIoni
0.693293   15      12.847      111.762      hIoni
0.708722   16      13.0239      96.6974      hIoni
0.721695   17      13.1695      84.0222      hIoni
0.732694   18      13.2871      72.3715      hIoni
0.741965   19      13.3787      63.1486      hIoni
0.749932   20      13.451      53.7102      hIoni
0.756631   21      13.5076      45.9226      hIoni
0.762342   22      13.5526      39.3855      hIoni
0.767278   23      13.589      33.093      hIoni
0.771525   24      13.6181      27.5947      hIoni
0.775218   25      13.6416      22.1563      hIoni
0.77842   26      13.6602      17.7405      hadElastic
0.781241   27      13.6752      13.5121      hIoni
0.783815   28      13.6877      9.10984      hIoni
0.786139   29      13.6965      4.69737      hIoni
0.0168374   2      -0.6      599.999      hIoni
0.144312   3      2.42837      517.221      hadElastic
0.241696   4      4.65667      452.118      hIoni
0.33107   5      6.63499      395.394      hIoni
0.406497   6      8.24252      339.826      hIoni
0.468712   7      9.50874      294.732      hIoni
0.520608   8      10.5151      257.473      hIoni
0.564303   9      11.3247      222.646      protonInelastic
0.0168374   2      -0.6      599.999      hIoni
0.144312   3      2.42838      515.469      hIoni
0.249734   4      4.84194      445.504      hIoni
0.33746   5      6.77428      387.55      hIoni
0.410993   6      8.32979      341.349      hIoni
0.473564   7      9.60283      299.699      hIoni
0.526576   8      10.6373      261.115      hIoni
0.571058   9      11.4585      227.614      hIoni
0.608425   10      12.1151      197.85      hIoni
0.639728   11      12.6375      172.661      hIoni
0.666108   12      13.0596      150.244      hIoni
0.688287   13      13.3948      131.521      hadElastic
0.701942   14      13.5908      120.137      hIoni
0.718785   15      13.823      105.174      hIoni
0.733126   16      14.0096      91.532      hIoni
0.745283   17      14.1564      79.5768      hIoni
0.755613   18      14.2718      69.1279      hIoni
0.764419   19      14.364      59.8977      hIoni
0.771942   20      14.4378      51.8317      hIoni
0.778397   21      14.4981      44.7913      hIoni
0.78397   22      14.5467      38.3645      hIoni
0.78879   23      14.5854      32.2691      hIoni
0.79295   24      14.6162      26.9927      hIoni
0.796586   25      14.6411      22.2069      hIoni
0.799793   26      14.6612      17.3532      hIoni
0.80262   27      14.6768      12.9154      hIoni
0.805158   28      14.6888      8.61571      hIoni
0.807452   29      14.6976      4.05083      hIoni
