0.0168374   2      -0.6      600      hIoni
0.144312   3      2.42838      514.965      hIoni
0.249604   4      4.83424      443.338      hadElastic
0.305846   5      6.06725      406.597      protonInelastic
0.0168374   2      -0.6      599.999      hIoni
0.144312   3      2.42838      518.43      hIoni
0.250494   4      4.86479      447.603      hIoni
0.338743   5      6.81181      388.042      hIoni
0.412395   6      8.37033      335.941      hIoni
0.473705   7      9.61237      294.101      protonInelastic
0.0168374   2      -0.6      599.998      hIoni
0.144312   3      2.42837      513.798      protonInelastic
0.0168374   2      -0.6      599.999      protonInelastic
0.0168374   2      -0.6      599.999      hIoni
0.144312   3      2.42838      517.688      hIoni
0.250304   4      4.85946      447.755      hIoni
0.33859   5      6.80773      386.432      hIoni
0.411854   6      8.35564      336.253      hIoni
0.473237   7      9.5907      289.093      hIoni
0.523872   8      10.555      250.882      hIoni
0.56615   9      11.327      219.744      hIoni
0.601889   10      11.9514      191.962      hIoni
0.632023   11      12.4519      167.482      hIoni
0.657417   12      12.8539      145.254      hIoni
0.678686   13      13.1725      126.289      hadElastic
0.688186   14      13.3056      118.404      hIoni
0.704734   15      13.5336      102.084      hIoni
0.718572   16      13.7127      88.5977      hIoni
0.730273   17      13.8549      77.4616      hIoni
0.740288   18      13.9681      66.9882      hIoni
0.748791   19      14.0586      57.9287      hIoni
0.756048   20      14.1302      50.4009      hIoni
0.76232   21      14.1892      43.5684      hIoni
0.767745   22      14.2361      37.0961      hIoni
0.772424   23      14.2741      30.9744      hIoni
0.776451   24      14.3041      25.8313      hIoni
0.779978   25      14.3279      21.0984      hIoni
0.783093   26      14.346      16.4972      hIoni
0.78586   27      14.3602      12.0035      hIoni
0.788346   28      14.3711      7.8485      hIoni
0.790588   29      14.3789      3.26529      hIoni
