0.0168374   2      -0.6      599.999      hIoni
0.144312   3      2.42838      512.875      hIoni
0.249068   4      4.82175      442.628      hadElastic
0.275843   5      5.40994      424.136      hIoni
0.358283   6      7.19415      367.898      hIoni
0.427111   7      8.61951      321.927      hIoni
0.485183   8      9.77245      279.757      hIoni
0.533744   9      10.6937      242.132      hIoni
0.574159   10      11.4168      211.148      hIoni
0.60814   11      11.9957      183.277      hIoni
0.63657   12      12.4554      159.776      hIoni
0.660513   13      12.828      141.239      hIoni
0.681057   14      13.1312      122.874      hIoni
0.698369   15      13.3719      106.77      hIoni
0.712972   16      13.5632      92.9352      hIoni
0.725349   17      13.7162      80.2673      hIoni
0.735782   18      13.8374      69.4338      hIoni
0.744631   19      13.9336      59.8558      hIoni
0.752148   20      14.0094      52.0054      hIoni
0.758626   21      14.07      44.8991      hIoni
0.764212   22      14.1195      37.9386      hIoni
0.768984   23      14.1589      32.0005      hIoni
0.773116   24      14.1904      26.534      hIoni
0.776709   25      14.2155      21.779      hIoni
0.77988   26      14.2355      17.3234      hIoni
0.782705   27      14.2514      13.0223      hIoni
0.78525   28      14.2638      8.91483      hIoni
0.787562   29      14.2729      4.4889      hIoni
0.789277   30      14.2774      0.0799054      hIoni
0.0168374   2      -0.6      599.999      hadElastic
0.0712081   3      0.69167      563.379      protonInelastic
0.0168374   2      -0.6      600      hIoni
0.144312   3      2.42838      520.082      protonInelastic
0.0168374   2      -0.6      600      protonInelastic
0.0168374   2      -0.6      599.999      protonInelastic
