0.0168374   2      -0.6      599.999      hIoni
0.144312   3      2.42838      514.443      hIoni
0.24947   4      4.82275      449.219      hIoni
0.338122   5      6.76234      390.298      hIoni
0.412317   6      8.32594      339.653      hIoni
0.474492   7      9.56761      295.837      hIoni
0.526636   8      10.574      256.538      hIoni
0.570129   9      11.3772      222.651      protonInelastic
0.0168374   2      -0.6      600      hIoni
0.144312   3      2.42838      515.998      hIoni
0.24987   4      4.84255      446.724      hIoni
0.3379   5      6.78354      388.161      hIoni
0.41158   6      8.34532      336.417      hIoni
0.473002   7      9.58232      291.693      hadElastic
0.477051   8      9.65802      289.092      hIoni
0.527685   9      10.5878      251.205      hIoni
0.570033   10      11.3181      216.917      hIoni
0.605191   11      11.8977      190.4      hIoni
0.635017   12      12.3791      165.973      hIoni
0.660125   13      12.7638      143.913      hadElastic
0.674156   14      12.9561      132.147      hIoni
0.693082   15      13.2043      114.284      hIoni
0.708934   16      13.4042      98.7477      hIoni
0.722234   17      13.5693      86.18      hIoni
0.733562   18      13.7009      75.5651      hIoni
0.743299   19      13.8076      65.4829      hIoni
0.75159   20      13.8916      56.8054      hIoni
0.758697   21      13.9604      48.9725      hIoni
0.764788   22      14.0151      42.1804      hIoni
0.770048   23      14.0585      36.1332      hIoni
0.774621   24      14.0945      29.8864      hIoni
0.778538   25      14.1233      24.8853      hIoni
0.781979   26      14.1465      20.0829      hIoni
0.785012   27      14.1649      15.5054      hIoni
0.787712   28      14.1793      11.3044      hIoni
0.790159   29      14.1902      6.85968      hIoni
0.792317   30      14.1979      2.24056      hIoni
0.0168374   2      -0.6      600      hIoni
0.144312   3      2.42838      523.347      hadElastic
0.156846   4      2.71583      513.791      protonInelastic
0.0168374   2      -0.6      600      hIoni
0.144312   3      2.42838      518.839      hadElastic
0.238772   4      4.59492      455.228      hadElastic
0.270392   5      5.29567      434.396      hadElastic
0.273139   6      5.35566      432.647      hIoni
0.357678   7      7.19911      374.303      hIoni
0.428033   8      8.65929      325.514      hIoni
0.48693   9      9.82627      282.472      hIoni
0.536092   10      10.7609      244.789      hIoni
0.577071   11      11.5053      212.983      hIoni
0.611425   12      12.0995      185.999      hIoni
0.640387   13      12.5771      162.917      hIoni
0.664919   14      12.9605      142.114      hIoni
0.68562   15      13.2643      123.598      hIoni
0.703057   16      13.5074      107.984      hIoni
0.717859   17      13.7029      93.1532      hadElastic
0.726499   18      13.8098      84.6485      hIoni
0.737594   19      13.9395      72.9699      hIoni
0.746952   20      14.0419      63.1124      hIoni
0.754914   21      14.1224      54.7468      hIoni
0.761749   22      14.1868      47.271      hIoni
0.767626   23      14.2394      40.1604      hIoni
0.772651   24      14.2809      33.9967      hIoni
0.776993   25      14.3139      28.2441      hIoni
0.780749   26      14.3399      23.0258      hIoni
0.784025   27      14.3602      18.5101      hIoni
0.786937   28      14.3755      14.3383      hIoni
0.789562   29      14.3881      9.9459      hIoni
0.791934   30      14.398      5.74115      hIoni
0.793944   31      14.4044      1.05065      hIoni
0.0168374   2      -0.6      599.998      hIoni
0.144312   3      2.42837      522.399      protonInelastic
