0.0168374   3      -0.6      599.997      hIoni
0.144311   4      2.42835      517.752      hadElastic
0.2043   5      3.79969      478.069      protonInelastic
0.0168374   2      -0.6      599.999      hIoni
0.144312   3      2.42838      515.062      hadElastic
0.177722   4      3.19303      494.322      hadElastic
0.222332   5      4.20371      465.017      hIoni
0.314937   6      6.26152      402.685      hIoni
0.392132   7      7.91277      348.269      hIoni
0.456322   8      9.21541      305.156      hIoni
0.510567   9      10.2719      265.385      hIoni
0.555977   10      11.1159      230.427      hIoni
0.59393   11      11.7926      200.325      hIoni
0.625727   12      12.3322      173.493      hIoni
0.652266   13      12.7573      150.05      hIoni
0.67441   14      13.0933      132.178      hIoni
0.693341   15      13.3664      115.691      hIoni
0.70943   16      13.5852      101.702      hIoni
0.723206   17      13.7614      88.5995      hIoni
0.734907   18      13.9012      76.655      hIoni
0.744803   19      14.013      66.1554      hIoni
0.753189   20      14.1004      56.9089      hIoni
0.76031   21      14.1699      49.3217      hIoni
0.766445   22      14.2269      42.4334      hIoni
0.771735   23      14.2727      36.2635      hIoni
0.776322   24      14.3096      30.5764      hIoni
0.780309   25      14.3392      25.3572      hIoni
0.783792   26      14.3627      20.5423      hIoni
0.786862   27      14.3813      16.0475      hIoni
0.789598   28      14.396      11.9221      hIoni
0.792079   29      14.4077      7.56916      hIoni
0.7943   30      14.416      3.03259      hIoni
0.0168374   2      -0.6      600      hadElastic
0.121106   3      1.87708      530.186      protonInelastic
0.0168374   2      -0.6      600      protonInelastic
0.0168374   2      -0.6      599.999      hIoni
0.144312   3      2.42838      513.905      hadElastic
0.237267   4      4.54951      453.59      hIoni
0.327009   5      6.50824      391.311      hIoni
0.401448   6      8.05703      338.524      hIoni
0.46336   7      9.29069      292.414      hIoni
0.514737   8      10.2778      254.412      hIoni
0.557773   9      11.0574      220.387      hIoni
0.593644   10      11.6803      190.771      hIoni
0.623543   11      12.1722      166.282      hIoni
0.648709   12      12.5682      145.022      hIoni
0.669936   13      12.8825      126.684      hIoni
0.687907   14      13.1333      109.953      hIoni
0.703035   15      13.333      95.5372      hIoni
0.715823   16      13.491      83.4586      hIoni
0.726737   17      13.6128      72.9071      hIoni
0.736086   18      13.7104      62.1549      hIoni
0.743916   19      13.7882      54.4156      hIoni
0.750708   20      13.853      46.9239      hIoni
0.756542   21      13.9053      40.4779      hIoni
0.761604   22      13.9474      34.4067      hIoni
0.765989   23      13.98      29.1069      hIoni
0.769829   24      14.0063      24.0995      hIoni
0.7732   25      14.027      19.164      hIoni
0.776161   26      14.0416      14.3068      hIoni
0.778784   27      14.0535      9.99079      hIoni
0.781158   28      14.0634      5.68713      hIoni
0.78316   29      14.0696      0.930226      hIoni
