0.0168374   2      -0.6      600      protonInelastic
0.0168374   2      -0.6      600      hIoni
0.144312   3      2.42838      517.36      protonInelastic
0.0168374   2      -0.6      599.998      hIoni
0.144312   3      2.42836      514.814      hIoni
0.249565   4      4.8363      445.498      hIoni
0.337291   5      6.76781      386.517      hIoni
0.410574   6      8.31564      336.557      hIoni
0.472028   7      9.30235      291.694      protonInelastic
0.0168374   2      -0.6      599.999      hIoni
0.144312   3      2.42837      519.901      hIoni
0.250873   4      4.86524      446.815      hIoni
0.338926   5      6.78335      386.962      hIoni
0.412317   6      8.28474      334.294      protonInelastic
0.0168374   2      -0.6      600      hIoni
0.144312   3      2.42838      512.802      hIoni
0.249049   4      4.82471      442.802      hIoni
0.336104   5      6.73801      383.9      hIoni
0.408759   6      8.27168      334.695      hIoni
0.46978   7      9.48642      293.071      hIoni
0.521304   8      10.4814      256.087      hIoni
0.5647   9      11.2748      224.377      hIoni
0.601395   10      11.9116      196.725      hIoni
0.632474   11      12.4297      172.815      hIoni
0.658883   12      12.8511      152.186      hIoni
0.681419   13      13.1942      133.101      hIoni
0.700514   14      13.4675      115.563      hIoni
0.71658   15      13.6851      100.758      hIoni
0.730204   16      13.8589      88.564      hIoni
0.741899   17      13.9992      76.6259      hIoni
0.751791   18      14.1108      67.0694      hIoni
0.760306   19      14.202      57.778      hIoni
0.767543   20      14.2724      49.6504      hIoni
0.773719   21      14.3283      42.598      hIoni
0.779029   22      14.3728      35.9625      hIoni
0.783582   23      14.4065      30.0805      hIoni
0.787519   24      14.4327      24.8251      hIoni
0.790955   25      14.4529      19.5863      hIoni
0.793949   26      14.469      15.0232      hIoni
0.796617   27      14.4818      10.8683      hIoni
0.79904   28      14.4919      6.45272      hIoni
0.801154   29      14.4985      1.75622      hIoni
