0.0168374   2      -0.6      600      hadElastic
0.0910875   3      1.16394      549.963      hadElastic
0.0946187   4      1.24611      548.067      protonInelastic
0.0168374   2      -0.6      599.999      protonInelastic
0.0168374   2      -0.6      599.999      hIoni
0.144312   3      2.42838      513.473      hadElastic
0.14987   4      2.55496      509.093      hadElastic
0.177664   5      3.18905      490.235      hIoni
0.27664   6      5.41317      424.623      protonInelastic
0.0168374   2      -0.6      600      hIoni
0.144312   3      2.42837      516.907      hIoni
0.250103   4      4.84446      447.573      hIoni
0.338345   5      6.76625      388.391      hIoni
0.41208   6      8.27478      337.624      hIoni
0.473783   7      9.47622      295.036      hIoni
0.525746   8      10.461      257.286      hIoni
0.569401   9      11.2522      223.481      hIoni
0.605911   10      11.885      194.265      hIoni
0.636501   11      12.3791      168.823      hIoni
0.662149   12      12.7712      147.6      hIoni
0.683845   13      13.0887      129.388      hIoni
0.702287   14      13.3491      112.785      hIoni
0.717887   15      13.5511      98.1648      hIoni
0.731093   16      13.7139      85.8761      hIoni
0.742376   17      13.8425      74.5005      hIoni
0.751956   18      13.9458      64.7172      hIoni
0.760141   19      14.0282      55.7613      hIoni
0.767109   20      14.0942      47.8228      hIoni
0.773055   21      14.1479      41.0919      hIoni
0.778188   22      14.1915      34.8261      hIoni
0.782619   23      14.2263      29.0758      hIoni
0.786456   24      14.2538      23.8962      hIoni
0.789808   25      14.2749      19.355      hIoni
0.792784   26      14.2912      15.1138      hIoni
0.795458   27      14.3038      10.6336      hIoni
0.797869   28      14.3135      6.35544      hIoni
0.799971   29      14.3197      1.55947      hIoni
0.0168374   3      -0.6      599.996      protonInelastic
