0.0168374   2      -0.6      600      hadElastic
0.0484174   3      0.150237      581.012      hIoni
0.170881   4      3.02729      498.571      hIoni
0.271979   5      5.27195      434.24      hIoni
0.356912   6      7.08777      374.892      hIoni
0.427407   7      8.52254      324.189      hIoni
0.485999   8      9.65796      283.091      hIoni
0.535299   9      10.5549      246.824      hIoni
0.57671   10      11.291      217.036      hIoni
0.611893   11      11.8786      188.464      hIoni
0.641338   12      12.3402      165.226      hIoni
0.666305   13      12.7098      143.676      hIoni
0.687288   14      13.004      126.422      hIoni
0.705213   15      13.2536      109.394      hIoni
0.720249   16      13.4501      95.6858      hIoni
0.73306   17      13.6083      83.6316      protonInelastic
0.0168374   2      -0.6      600      hIoni
0.144312   3      2.42838      516.43      protonInelastic
0.0168374   2      -0.6      599.999      hadElastic
0.0514556   3      0.222414      577.984      protonInelastic
0.0168374   2      -0.6      599.999      hIoni
0.144312   3      2.42837      515.505      hadElastic
0.154064   4      2.65128      508.502      hIoni
0.257699   5      5.00517      437.575      hadElastic
0.319925   6      6.35837      395.52      hadElastic
0.377855   7      7.59156      355.357      protonInelastic
0.0168374   2      -0.6      599.998      hIoni
0.144312   3      2.42836      515.413      hIoni
0.249719   4      4.8426      443.827      hIoni
0.337028   5      6.75984      387.246      protonInelastic
