0.0168374   2      -0.6      600      protonInelastic
0.0168374   2      -0.6      600      protonInelastic
0.0168374   2      -0.6      599.999      hadElastic
0.111401   3      1.64652      540.797      hIoni
0.223359   4      4.23147      465.582      hIoni
0.316106   5      6.27605      406.256      hIoni
0.394169   6      7.9407      352.407      hIoni
0.459332   7      9.26685      305.545      hIoni
0.513665   8      10.3215      263.62      protonInelastic
0.0168374   2      -0.6      599.999      hIoni
0.144312   3      2.42837      513.402      hIoni
0.249203   4      4.82862      444.904      hadElastic
0.295352   5      5.84362      413.018      hIoni
0.375066   6      7.56193      358.648      hIoni
0.441701   7      8.9249      309.721      hIoni
0.496982   8      9.99988      268.021      hIoni
0.542966   9      10.8572      232.716      hIoni
0.581397   10      11.5411      201.215      hIoni
0.613373   11      12.0806      175.139      hIoni
0.640228   12      12.5104      153.059      hIoni
0.662924   13      12.8554      134.186      hIoni
0.68221   14      13.1321      117.663      hIoni
0.698632   15      13.3534      102.409      hIoni
0.712523   16      13.5254      89.9416      hIoni
0.724432   17      13.666      78.8734      hIoni
0.734657   18      13.7799      67.771      hIoni
0.74327   19      13.8713      59.4645      hIoni
0.750734   20      13.9468      50.8799      hIoni
0.757067   21      14.0052      43.6004      hIoni
0.762496   22      14.0511      36.8737      hIoni
0.76715   23      14.0882      31.1563      hIoni
0.771196   24      14.1179      25.6095      hIoni
0.774703   25      14.1414      20.7909      hIoni
0.777792   26      14.1597      16.3208      hIoni
0.780547   27      14.1738      11.7096      hIoni
0.783017   28      14.1836      7.26769      hIoni
0.785213   29      14.1903      2.66988      hIoni
0.0168374   2      -0.6      599.998      hIoni
0.144312   3      2.42836      519.117      hIoni
0.250671   4      4.86149      449.378      hadElastic
0.262146   5      5.11443      441.478      hIoni
0.348872   6      7.01549      381.893      hIoni
0.421045   7      8.53174      328.989      hIoni
0.480744   8      9.73153      284.031      hIoni
0.530252   9      10.6733      248.051      hIoni
0.571925   10      11.4321      218.24      hIoni
0.607355   11      12.046      189.928      hIoni
0.637088   12      12.5274      164.449      hadElastic
0.648871   13      12.7099      155.212      hIoni
0.671965   14      13.0572      136.429      hIoni
0.691649   15      13.3392      119.186      hIoni
0.70833   16      13.5623      104.682      hIoni
0.72259   17      13.7442      91.2681      hIoni
0.734707   18      13.8915      79.0942      hIoni
0.744964   19      14.01      68.3389      hIoni
0.753658   20      14.1034      59.1753      hIoni
0.761083   21      14.1778      50.4883      hIoni
0.767366   22      14.2366      43.2017      hIoni
0.772747   23      14.2836      36.6285      hIoni
0.777374   24      14.321      31.1365      hIoni
0.781418   25      14.3512      25.9607      hIoni
0.784957   26      14.3752      21.115      hIoni
0.788073   27      14.3945      16.501      hIoni
0.79084   28      14.409      12.0589      hIoni
0.793329   29      14.4199      7.70721      hIoni
0.795561   30      14.4278      3.31447      hIoni
