0.0168374   2      -0.6      599.999      hIoni
0.144312   3      2.42838      524.15      hIoni
0.251967   4      4.89822      451.662      hIoni
0.341228   5      6.8594      393.158      protonInelastic
0.0168374   2      -0.6      600      hIoni
0.144312   3      2.42838      520.146      hIoni
0.250936   4      4.86499      445.926      protonInelastic
0.0168374   2      -0.6      599.999      protonInelastic
0.0168374   2      -0.6      600      protonInelastic
0.0168374   2      -0.6      599.999      hIoni
0.144312   3      2.42838      516.849      hIoni
0.250088   4      4.85336      447.078      hIoni
0.338207   5      6.79656      387.88      hIoni
0.411819   6      8.35464      335.543      hadElastic
0.439926   7      8.92329      316.564      hIoni
0.496767   8      10.0521      276.035      hIoni
0.544508   9      10.9606      242.183      hIoni
0.584934   10      11.6956      212.218      hIoni
0.619132   11      12.2869      185.364      hIoni
0.64797   12      12.7518      162.597      hIoni
0.672441   13      13.1304      142.892      hIoni
0.693283   14      13.4368      125.266      hIoni
0.711008   15      13.6823      108.239      hIoni
0.725852   16      13.8756      93.9717      hIoni
0.738393   17      14.0273      81.5302      hIoni
0.749015   18      14.1444      71.4499      hIoni
0.758153   19      14.2393      61.9577      hIoni
0.765957   20      14.3134      53.2931      hIoni
0.772601   21      14.3727      45.7474      hIoni
0.778291   22      14.419      39.2612      hIoni
0.783213   23      14.4562      33.2351      hIoni
0.787474   24      14.4861      27.733      hIoni
0.791181   25      14.5083      22.8421      hIoni
0.794441   26      14.5264      18.5894      hIoni
0.797359   27      14.5411      14.2514      hIoni
0.799978   28      14.5525      9.94409      hIoni
0.80235   29      14.5613      5.74106      hIoni
0.804361   30      14.567      0.974096      hIoni
